90001	1	LUXEMBOURG	Luxembourg	49.611667	6.13				323300	904.34		Distrikt	
90002	12	CAPELLEN	Capellen	49.633333	6				37337	199.21		Kanton	
90003	1201	BASCHARAGE	Bascharage	49.5675	5.910278				7285	19.14		Gemeinde	
90153	120101	BASCHARAGE	Bascharage	49.5675	5.910278		49074908490949114912491449164917491849194920492249254926492849304933493649384939494049414942494449454946494749484950495149524954495549584959						
90154	120102	BASCHARAGE-GARE	Bascharage-Gare										
90185	120103	BOMICHT	Bomicht										
90186	120104	BOMMERT	Bommert										
90824	120105	HAUTCHARAGE	Hautcharage	49.5775	5.910833		491049134915492149234924492749294931493249344935493749404942494349454947494949534956						
90916	120106	LINGER	Linger	49.565833	5.886667		4795479647974798						
90004	1202	CLEMENCY	Clemency	49.596667	5.875833				2074	14.53		Gemeinde	
90479	120201	NACHTBANN	Nachtbann										
90486	120202	NEUDRISCH	Neudrisch										
90583	120203	SCHOCKMUEHLE	Schockmühle	49.608611	5.879167								
90706	120204	CLEMENCY	Clemency	49.596667	5.875833		49604961496249634964496549664967						
90770	120205	FINGIG	Fingig	49.603611	5.900833		49784979						
90005	1203	DIPPACH	Dippach	49.588333	5.983333				3233	17.42		Gemeinde	
90587	120301	SCHOUWEILER	Schouweiler	49.5825	5.956389		499449954996499749984999						
90588	120302	SCHOUWEILER-HALTE	Schouweiler-Halte										
90650	120303	BETTANGE	Bettange	49.575833	5.983889		4970497149754976						
90744	120304	DIPPACH	Dippach	49.588333	5.983333		497249734974						
90745	120305	DIPPACH-BARRIERE	Dippach-Barrière										
90746	120306	DIPPACH-GARE	Dippach-Gare				4970497149724975						
90920	120307	LOEFTGERMUEHLE	Löftgermühle										
91081	120308	SPRINKANGE	Sprinkange				499449984999						
91082	120309	SPRINKANGE-FERME	Sprinkange-Ferme										
90006	1204	GARNICH	Garnich	49.616667	5.9525				1542	20.95		Gemeinde	
90299	120401	GARNICH	Garnich	49.616667	5.9525		83508353835483558356						
90326	120402	GRAND-BEVANGE	Grand-Bévange										
90348	120403	HIVANGE	Hivange	49.607222	5.932222		8369						
90727	120404	DAHLEM	Dahlem	49.602222	5.948333		83518352						
90863	120405	KAHLER	Kahler	49.631389	5.917778		8376						
91140	120406	PETIT-BEVANGE	Petit-Bévange										
90007	1205	HOBSCHEID	Hobscheid	49.688611	5.914722				2579	17.55		Gemeinde	
90258	120501	EICHELSBARRIERE	Eichelsbarrière										
90259	120502	EISCHEN	Eischen	49.685556	5.878611		846084618462846384648465846684678468846984708471847284738474847584768477847884798480						
90297	120503	GAICHEL	Gaichel	49.695278	5.870556		8469						
90349	120504	HOBSCHEID	Hobscheid	49.688611	5.914722		83708371837283738374						
90406	120505	KREUZERBUCH	Kreuzerbuch	49.701667	5.916389								
90756	120506	FELLESCHMUEHLE	Felleschmühle										
90855	120507	JINKENHOF	Jinkenhof	49.754722	5.864444								
91051	120508	SAEGEMUEHLE	Saegemühle	49.695278	5.870556								
90008	1206	KEHLEN	Kehlen	49.668333	6.035833				4724	28.18		Gemeinde	
90207	120601	BRAMESCHHOF	Brameschhof	49.656667	6.049722								
90239	120602	DONDELANGE	Dondelange				7423						
90250	120603	DUERRENTHAL	Dürrenthal										
90408	120604	KREUZWEG-KEISPELT	Kreuzweg-Keispelt										
90409	120605	KREUZWEG-OLM	Kreuzweg-Olm										
90496	120607	OLM	Olm	49.657222	6.000278		831283158316831783198321832283238324832783328333833883398340834183428343834483938394						
90509	120608	PETITE-AMERIQUE	Petite-Amérique										
90529	120609	QUATRE-VENTS	Quatre-Vents										
90614	120610	VAL-DES-OSERAIES	Val-des-Oseraies										
90878	120611	KEHLEN	Kehlen	49.668333	6.035833		8274828082818282828382848285828682878288828982908295						
90881	120612	KEISPELT	Keispelt	49.694444	6.069444		829382948295						
90957	120613	MEISPELT	Meispelt	49.691111	6.059167		82918292						
90993	120614	NOSPELT	Nospelt	49.675278	6.008889		839083918392						
91150	120615	KREUZWEG	Kreuzweg										
90009	1207	KOERICH	Koerich	49.67	5.95				1928	18.88		Gemeinde	
90293	120701	FULSBERG	Fulsberg										
90314	120702	GOEBLANGE	Goeblange	49.669722	5.965278		835783588359						
90319	120703	GOETZINGEN	Goetzingen	49.660278	5.981667		83608361						
90394	120704	KOERICH	Koerich	49.67	5.95		838383848385838683878388						
90792	120705	FRASTENHOF	Frastenhof										
90799	120706	GREVENMUEHLE	Grevenmühle										
90852	120707	JAGDHAUS	Jagdhaus										
90960	120708	NEUMUEHLE	Neumühle	49.7	5.9								
91130	120709	WINDHOF	Windhof	49.648333	6.063333		8399						
90010	1208	KOPSTAL	Kopstal	49.664444	6.073056				3000	7.90		Gemeinde	
90214	120801	BRIDEL	Bridel	49.658333	6.082222		81168118811981208121812381248125812681278128812981318132813381348135813781388139814081418142814581468147814981508151815281538154815681578158815981608165						
90230	120802	BUERGERKREUZ	Bürgerkreuz										
90400	120803	KOPSTAL	Kopstal	49.664444	6.073056		8179818081818182818381848185818681878188818981908191						
90864	120804	KAHLSCHEUER	Kahlscheuer										
90011	1209	MAMER	Mamer	49.6275	6.023333				6786	27.54		Gemeinde	
90179	120901	BERENTHAL	Berenthal										
90295	120902	GAASCHTMUEHLE	Gaaschtmühle	49.6325	6.0475								
90358	120903	HOLZEM	Holzem	49.616389	5.990278		827782788279						
90359	120904	HOLZEM-MOULIN	Holzem-Moulin										
90491	120905	NEUMAXMUEHLE	Neumaxmühle	49.639167	6.048333								
90512	120906	PFAFFENBROUCH	Pfaffenbrouch										
90665	120907	FERME DE BIREL	Ferme de Birel										
90694	120908	CAP	Cap	49.644444	5.984444		830283088309831083118313831483178318832383258326832883298330833183348335833683378383						
90695	120909	CAPELLEN	Capellen	49.645	5.990833		8301830383088309831083118314831783208323832583288331833483368337						
90696	120910	CAPELLEN-GARE	Capellen-Gare										
90934	120911	MAMER	Mamer	49.6275	6.023333		8209821082118212821382148215821682178218821982208221822282238224822582268227822882298230823182328233823482358236823782388239824082448245824682478248824982508251825282538254825582608261826282638264826582668267826882698270827182728273		4887				
91126	120912	WILTZERMUEHLE	Wiltzermühle	49.65	6.05								
90012	1210	SEPTFONTAINES	Septfontaines	49.701111	5.967222				748	14.96		Gemeinde	
90332	121001	GREISCH	Greisch	49.709722	5.988333		8363						
90432	121002	LEESBACH	Leesbach				8363						
90891	121003	KLAUS	Klaus										
91037	121004	ROODT	Roodt	49.794444	5.821667		8398						
91071	121005	SEPTFONTAINES	Septfontaines	49.701111	5.967222		838383958396		321				
91074	121006	SIMMERFARM	Simmerfarm				8363						
91075	121007	SIMMERSCHMELZ	Simmerschmelz				8363						
90013	1211	STEINFORT	Steinfort	49.661389	5.919167				4249	12.16		Gemeinde	
90327	121101	GRASS	Grass	49.630833	5.891389		8362						
90812	121102	HAGEN	Hagen	49.649444	5.931667		83648365836683678368						
90893	121103	KLEINBETTINGEN	Kleinbettingen	49.646389	5.916389		8378837983808381						
91010	121104	RENGSCHEID	Rengscheid										
91059	121105	SCHWARZENHOF	Schwarzenhof										
91087	121106	STEINFORT	Steinfort	49.661389	5.919167		8410841184128413841484158420842184228423842484358436843784388440844184428443844484458447844884498450845184528453		2184				
90014	13	ESCH-SUR-ALZETTE	Esch-sur-Alzette	49.495833	5.980556				135859	242.77		Kanton	
90015	1301	BETTEMBOURG	Bettembourg	49.5	6.083333				9125	21.49		Gemeinde	
90132	130101	ABWEILER	Abweiler	49.533611	6.080833		3311						
90379	130102	HUNCHERANGE	Huncherange	49.516944	6.065		33403341						
90402	130103	KRACKELSHOF	Krackelshof	49.508889	6.114444								
90653	130104	BETTEMBOURG	Bettembourg	49.518611	6.102778		3209321032113212321332143215321632173218321932203221322232233224322532303231323232333234323532363237323832393240324132423249325032513252325332543255325632573258325932603261326532663267326932703271327232733274327532763277327832793280328132823283328432853286328732883290						
90760	130105	FENNANGE	Fennange	49.519722	6.078333		3332						
90990	130106	NOERTZANGE	Noertzange	49.509167	6.056111		338033823383338433853386						
90016	1302	DIFFERDANGE	Differdange	49.516667	5.883333				18300	22.18		Gemeinde	
90414	130201	KUELESGRUND	Kuelesgrund										
90426	130202	LASAUVAGE	Lasauvage	49.525	5.8375		469646974698						
90467	130203	MOULIN A SCORIES	Moulin à scories										
90616	130204	VESQUENHOF	Vesquenhof	49.511111	5.873889								
90739	130205	DIFFERDANGE	Differdange	49.524167	5.891389		450345054506450745084509451045114512451345144515451645174518451945204521452245234524452545264527452845294530453145324533453445354536453745384539454045414545455045514552455345544555455645574558455945604561456245694570457145724573457445754576457745784579458045814582458345904591459245934594459545964597459845994601460246034604460546064607460846094610461146124620462146224623462446254626462746284629463046314632463346344635463646404641464246434644464546464647464846494650465146564657465846594660466146624663466446654666466746684669467046714672467646774678467946804681468246834684468546864687468846894690469146924693						
90784	130206	FOND DE GRAS	Fond de Gras										
90788	130207	FOND DE HUSSIGNY	Fond de Hussigny										
90791	130208	FOUSBANN	Fousbann										
90858	130209	KAALBRECK	Kaalbreck										
90931	130210	MAISON-CRONIERE	Maison-Cronière										
90971	130211	NIEDERCORN	Niedercorn	49.536111	5.893056								
90994	130212	OBERCORN	Obercorn	49.513611	5.896111								
90017	1303	DUDELANGE	Dudelange	49.5	6.083333				17411	21.38		Gemeinde	
90246	130301	DUDELANGE	Dudelange	49.480556	6.0875		3409341034113412341334143415341634173418341934203421342234233424342534263427342834293430343134323433343934403441344234433444344534463447344834493450345134523453346034613462346334643465346634673468346934703471347234733474347534803481348234833484348534863487348834893490349134923493350135023503350435053506350735083509351035113512351335143515351635203521352235233524352535263530353135323539354035413542354335443545354635473548354935503551355235533554356035613562356335643565356635673568356935703571357235733574357535763582358335883589359035913592359335943595359635973598						
90018	1304	ESCH-SUR-ALZETTE	Esch-sur-Alzette	49.495833	5.980556				27244	14.35		Gemeinde	
90282	130401	ESCH-SUR-ALZETTE	Esch-sur-Alzette	49.495833	5.980556		400640074008400940104011401240134014401540164017401840194020402140224023402440254026402740284029403040314032403340344035403640374038403940404041404240434044404540464047404840494050405140524053405440554056405740584059406040614062406340644065406640674068406940704071408040814082408340844085408641004101410241034104410541064107410841094110411141124113411441154116411841204121412241234125413041314132413341344135413641374138413941404141414241494150415141524153415441554156416441654166416741684169417041714172417341744175417641774178417941804201420242034204420542064207420842094210421142134214421642174220422142224230423142324233423442354236423742384239424042414242424342444245424642474248424942504251425242534254426042614262426342644265426642674270427142754276427742784279428042814282428943014302430343044305430643074308430943104314431543164317431843194320432143224323432443254326432743284329433043314332433343344335433643374340434143424343434443454346434743484349435043514352435343544360436143624363436443654366						
90019	1305	FRISANGE	Frisange	49.515	6.191667				3273	18.43		Gemeinde	
90142	130501	ASPELT	Aspelt	49.522778	6.224722		57105711571257135714571657175718571957205721572257235730						
90288	130502	FRISANGE	Frisange	49.515	6.191667		575057515752575357545755		1417				
90412	130503	KROCKELSHOF	Krockelshof										
90839	130504	HELLANGE	Hellange	49.506667	6.150556		33333334333533363337						
90020	1306	KAYL	Kayl	49.5	6				7788	14.86		Gemeinde	
90876	130601	KAYL	Kayl	49.489167	6.039722		36113612361336143615361636173620362136223630363136353636363736383640364136423643364436503651365236533654365536563657365836603670367136723673367436753676		4610				
91102	130602	TETANGE	Tétange	49.475833	6.042222		376137623763376437653766376737683770377137723773377437753776378037813782378437863787378837893790						
90021	1307	LEUDELANGE	Leudelange	49.568333	6.065278				2130	13.57		Gemeinde	
90578	130701	SCHLEWENHOF	Schlewenhof	49.578333	6.058889								
90906	130702	LEUDELANGE	Leudelange	49.568333	6.065278		33453346334733483349335033513352335333543355335633573358335933603361336233633364336533663367336833693370337133723373337433763377						
90907	130703	LEUDELANGE-BARRIERE-MERL	Leudelange-Barrière-Merl										
90908	130704	LEUDELANGE-GARE	Leudelange-Gare										
90022	1308	MONDERCANGE	Mondercange	49.533056	5.988333				6250	21.40		Gemeinde	
91151	130801	MONDERCANGE	Mondercange	49.533056	5.988333		39093910391139123913391439153916391739183919392039213922392339243925392639273928392939303931393239333934393539363937393839393940394139433944		3265				
91152	130802	FOETZ	Foetz	49.529444	6.010833		38953896389738983899						
91153	130803	PONTPIERRE	Pontpierre	49.536389	6.029444		439043914392439343944395439643974398						
91154	130804	BERGEM	Bergem	49.525	6.042222		331333143315331633173318						
91155	130805	SCHWINDHAUS	Schwindhaus										
91156	130806	LAMESCHMUEHLE	Lameschmühle										
90023	1309	PETANGE	Pétange	49.55	5.883333				14540	11.93		Gemeinde	
90419	130901	LAMADELAINE	Lamadelaine	49.741667	6.114444		4744480248704871487248734874487548764877487848794880488148824883488448854886488748884889						
90457	130902	MINIERE GRAS	Minière Gras										
90528	130903	PETANGE	Pétange	49.558333	5.880556		4702470747084709471047114712471347144715471647174718471947204721472247304731473247334734473547364737473847394740474147424743474547504751475247534754475547564757475847594760476147624763477047714772477347744775477647774778477947804781478247834784478547864802		7399	.041			
90962	130905	NEUMUEHLE	Neumühle	49.7	5.9								
91021	130906	RODANGE	Rodange	49.546389	5.840833		48044805480648074808480948104811481248134814481548184819482048224823482448254826482948304831483248334837483848394840484248434844484548464847484948504853						
91114	130907	WEISSENHOF	Weissenhof	49.566667	6.116667								
90024	1310	RECKANGE-SUR-MESS	Reckange-sur-Mess	49.5625	6.008889				1827	20.42		Gemeinde	
90252	131001	EHLANGE	Ehlange	49.548889	6.016944		39603961						
90514	131002	PISSANGE	Pissange	49.549444	6.000278		3985						
90535	131003	RECKANGE-SUR-MESS	Reckange-sur-Mess	49.5625	6.008889		498049814982						
90914	131004	LIMPACH	Limpach	49.558889	5.980556		4499						
91028	131005	ROEDGEN	Roedgen	49.574722	6.034722		33923393						
91123	131006	WICKRANGE	Wickrange	49.541389	6.021667		3980						
90025	1311	ROESER	Roeser	49.542222	6.15				4702	23.79		Gemeinde	
90176	131101	BERCHEM	Berchem	49.540278	6.129167		332033213325						
90401	131102	KOUBEWEIHER	Koubeweiher										
90407	131103	KREUZHOF	Kreuzhof										
90506	131104	PEPPANGE	Peppange	49.524444	6.129722		326033903391						
90523	131105	POUDRERIE	Poudrerie										
90675	131106	BIVANGE	Bivange	49.544444	6.137778		3320332233233324						
90720	131107	CRAUTHEM	Crauthem	49.535556	6.146944		33263327332833293330						
90854	131108	JEANMATHIASHOF	Jeanmathiashof										
90903	131109	KOCKELSCHEUER	Kockelscheuer	49.561111	6.112222		18981899						
90919	131110	LIVANGE	Livange	49.530278	6.120278		3378						
91030	131111	ROESER	Roeser	49.542222	6.15		33943395339633973398		793				
90026	1312	RUMELANGE	Rumelange	49.5	6				4351	6.83		Gemeinde	
91049	131201	RUMELANGE	Rumelange	49.460833	6.033056		3710371137123713371437153716371737183719372037213722372337243725372637273728372937303731373337343735373637373738373937403741374237433744375037513752375337543755						
90027	1313	SANEM	Sanem	49.583333	5.916667				13505	24.42		Gemeinde	
90173	131301	BELVAUX	Belvaux	49.512778	5.929444		44064407441244164419442244294430443144364443444444454446445044514460446144624468447544764477447844804481448244874488448944904491						
90253	131302	EHLERANGE	Ehlerange	49.524167	5.966111		438043814382438343844385						
90296	131303	GADDERSCHEUER	Gadderscheuer										
91057	131304	SANEM	Sanem	49.548056	5.928889		4984498549864987498849894990499149924993		2450				
91076	131305	SOLEUVRE	Soleuvre	49.525556	5.940556		440544104411441344144415441744184420442144234432443344344435443744384439444044414442444744484449445944604463446444654466446744694470447944824483448444854486449244934521						
91077	131306	SOLEUVRE-GARE	Soleuvre-Gare										
90028	1314	SCHIFFLANGE	Schifflange	49.5	6				8397	7.71		Gemeinde	
90248	131401	DUMONTSHOF	Dumontshof										
90567	131402	SCHIFFLANGE	Schifflange	49.506389	6.012778		38103811381238133814381538163817381838193820382138223823382438253830383138323833383438353836383738383839384038413842384338443850385138523853385438553856385738583859386038613862386338703871387238733874387538763877387838793880388138823883		8397	.0771			
90796	131403	FRANTZENMUEHLE	Frantzenmühle										
90965	131404	NEUMUEHLE	Neumühle	49.7	5.9								
91052	131405	SAEGEMUEHLE	Saegemühle	49.695278	5.870556								
90029	14	LUXEMBOURG	Luxembourg	49.611667	6.13				126534	238.46		Kanton	
90033	1400	LUXEMBOURG	Luxembourg	49.583333	6.166667		10091090111111121113111411151116111711181119112011211122112311241125112611271128112911301131113211331134113511361138113911401141114211431144114511461147114811491150115111521159116012081210121112121213121412151217121812191220122112221224122512261227122912301233123412351236123712381240124112421243124412461247124812491250125112521253125412551256125712581260126112621263126412651266126712681269127012711272127312751276127712781279128013101311131213131314131513161317131813191320132113221323132413251326132713281329133013311332133313341335133613371338133913401341134213431344134513461347134813491350135113521354135513561357135813591361136213641365136613671368136913701371137213731409141114121413141414151416141714181419142014211422142414251426142714281429143014311432144914501451145214531454145614571458145914601461146214631464146514661468146914701471147214731474147514761477147814791480148114821490149915091510151115121513151415151516151715181519152015211522152415251526152715281529153015311532153315341535153615371538153915401541154215431544154515461547161016111613161516161617161816191620162116221623162416261627162816291630163116321633163416351636163716391640164116421643164416451647164816491650165116521653166016611710171117121713171417151716171717181719172017211722172317241725172617271728172917301731173217331734173517371738173917401741174217431744174517461747175018111812181418151816181718201831183218331834183518361837183818391840184118501851185218531854185518561857185818591860186118621863186418651866186818691870187118801881188218991910191119121913191419151916191719181919192019211922192319241925192619271928192919301931193219331934193519361937193819391940194119421943194419451946194719481950195119521953195420202085208620872088208920902091209220932094209520962097209820992111211321142115211621172118211921202121212221232124212521272128213021312132213321342135213721382139214021412142214321442145214621472148214921502151215221532154215521562157215821592160216121622163216421652166216721682169217121722173217421752176217721782179218021812210221122122213221422202221222222232224222522262227222822292230223122322233223422402241226122622263226422652266226722682269227022712273230823092310231123122313231423162318232023222323232423262327232823292330233123322333233423352336233723382339234023412342234323442345234623472348234923502351235223532354235523562358235923602380238124102411241224132414241524172418241924202422242324242426242724282429243024312432243324352440244124422444244524472448244924502451245224532511251225142515251625172518251925202521252225232525252625272528253025312532253325342535253625372538253925402541254225432544254625472548254925502551255225532554255525562557255825592560256125622563256425652566260926102611261226132614261526162619262026212622262326242625262626272628262926302631263426352636265126522653266126622663266426652666266726682669267026712672267326742680271127122713271427152716271727182719272027212722272427252726272827292730273127322733273427362737273827392740276127622763276428502887288828892900291029112912291329142918291929202921292229252926292829292930293129322933293429352936293729382939294029412942294629502951295229532954295529562957295829592960296129632964296529662967296829692970297129722973297429752976297729812982298329842985298629872988299029912992299729982999		86009	51.24		Gemeinde	
90158	14000001	BAUMBUSCH	Baumbusch	49.633333	6.1								
90247	14000002	DUDERHOF	Duderhof										
90339	14000003	GERARDSHOF	Gérardshof										
90410	14000004	KRIEPSGRUENDCHEN	Kriepsgründchen										
90416	14000005	KUHBERG	Kuhberg										
90485	14000006	NEUDORF	Neudorf	49.616389	6.156667								
90536	14000007	RECKENTHAL	Reckenthal										
90556	14000008	SCHEIDHOF	Scheidhof										
90575	14000009	SCHLEIFMUEHLE	Schleifmühle	49.601389	6.154167								
90601	14000010	TUBISHOF	Tubishof	49.583333	6.115556								
90612	14000011	VAL-ST-ANDRE	Val-St-André										
90613	14000012	VAL-STE-CROIX	Val-Ste-Croix										
90615	14000013	VERLORENKOST	Verlorenkost										
90763	14000014	FETSCHENBOUR	Fetschenbour										
90764	14000015	FETSCHENHOF	Fetschenhof										
90870	14000016	KALCHESBRUECK	Kalchesbrück										
90188	14000017	BONNEVOIE	Bonnevoie	49.594444	6.15								
91034	14000018	ROLLINGERGRUND	Rollingergrund	49.622778	6.107778								
91070	14000019	SEPT FONTAINES	Sept Fontaines	49.701111	5.967222								
91110	14000020	WEIMERSHOF	Weimershof	49.6	6.15								
90554	14000021	VAL DU SCHEID	Val du Scheid										
90166	140001	BEGGEN	Beggen	49.649167	6.128333							Quartiers	
90172	140002	BELAIR	Belair									Quartiers	
91212	140003	BONNEVOIE NORD-VERLOREN	Bonnevoie Nord-Verloren									Quartiers	
91213	140004	BONNEVOIE SUD	Bonnevoie Sud									Quartiers	
90698	140005	CENTS	Cents									Quartiers	
90699	140006	CESSANGE	Cessange	49.589444	6.106944							Quartiers	
90705	140007	CLAUSEN	Clausen	49.611389	6.136111							Quartiers	
90237	140008	DOMMELDANGE	Dommeldange	49.629722	6.139167							Quartiers	
90256	140009	EICH	Eich	49.628889	6.131944							Quartiers	
91214	140010	GARE	Gare									Quartiers	
90300	140011	GASPERICH	Gasperich	49.585556	6.123056							Quartiers	
90805	140012	GRUND	Grund	49.616667	6.133333							Quartiers	
90816	140013	HAMM	Hamm	49.606944	6.168611							Quartiers	
90356	140014	HOLLERICH	Hollerich	49.6025	6.124167							Quartiers	
90888	140015	KIRCHBERG	Kirchberg	49.623889	6.149444							Quartiers	
90915	140016	LIMPERTSBERG	Limpertsberg	49.620833	6.121667							Quartiers	
90445	140017	MERL	Merl	49.603333	6.095556							Quartiers	
90477	140018	MUEHLENBACH	Mühlenbach	49.631667	6.119167							Quartiers	
91215	140019	NEUDORF-WEIMERSHOF	Neudorf-Weimershof									Quartiers	
91216	140020	OBERSTADT	Oberstadt									Quartiers	
90513	140021	PFAFFENTHAL	Pfaffenthal	49.916667	6							Quartiers	
90526	140022	PULVERMUEHL	Pulvermühl	49.616667	6.166667							Quartiers	
91217	140023	ROLLINGERGRUND-BELAIR NORD	Rollingergrund-Belair Nord									Quartiers	
91111	140024	WEIMERSKIRCH	Weimerskirch	49.623611	6.136389							Quartiers	
90030	1401	BERTRANGE	Bertrange	49.611111	6.05				5506	17.39		Gemeinde	
90335	140101	GREVELS	Grevels	49.853056	5.915833								
90648	140102	BERTRANGE	Bertrange	49.611111	6.05		80078011804180508051805280538054805580568057805880598060806180628063806480658066806780688069807080718074807580778078807980808081808280838084808580868087808880898090809180928093809480958268						
90649	140103	BERTRANGE-GARE	Bertrange-Gare										
90691	140104	BOFORT	Bofort	49.598056	6.005833								
90769	140105	FINDELSHOF	Findelshof	49.594444	6.033333								
90838	140106	HELFENTERBRUCK	Helfenterbruck				80778080						
90923	140107	LORENTZSCHEUER	Lorentzscheuer	49.5875	6.026389								
90978	140108	NIEDERT	Niedert										
91106	140109	TOSSENBERG	Tossenberg										
90031	1402	CONTERN	Contern	49.581944	6.226667				3226	20.55		Gemeinde	
90218	140201	BRUECHERHOF	Brücherhof	49.836389	6.201111								
90220	140202	BRUECHERMUEHLE	Brüchermühle										
90468	140203	MOUTFORT	Moutfort	49.585278	6.255556		53305331533253335334533553365337533953405341						
90474	140204	MUEHLBACH	Mühlbach										
90475	140205	MUEHLBACH-MOULIN	Mühlbach-Moulin										
90516	140206	PLEITRANGE	Pleitrange	49.589722	6.280556								
90718	140207	CONTERN	Contern	49.581944	6.226667		53105312531453165317531853205322532453265328		1121				
90719	140208	CONTERN-BARRIERE	Contern-Barrière										
90723	140209	CROENTGESHOF	Croentgeshof	49.600278	6.232778								
90859	140210	KACKERTERHOF	Kackerterhof										
90956	140211	MEDINGEN	Medingen	49.572778	6.248611		5328						
91003	140212	OETRANGE	Oetrange	49.596389	6.26		532453315351535253535355						
91004	140213	OETRANGE-MOULIN	Oetrange-Moulin										
91157	140214	KROENTGESHOF	Kroentgeshof										
90032	1403	HESPERANGE	Hesperange	49.568056	6.151389				11323	27.22		Gemeinde	
90298	140301	GANTENBEINSMUEHLE	Gantenbeinsmühle	49.6	6.166667								
90340	140302	HESPERANGE	Hesperange	49.568056	6.151389		16145809581058125816582258265827583158345840584158425852585558565859586058625863586658745876587858805884588558865887589359405941		1972				
90374	140303	HOWALD	Howald	49.661111	6.393056		113712161223122812311232127413501353136314231455146715081625174918131818184218671949211221292272231723192370241224162425244625242529254526102611272327275821585058845885						
90391	140304	ITZIG	Itzig	49.584167	6.173611		5280594259435950595159525953595459555956595759585959596059615962596359645969597059715972597359745975597659775978						
90392	140305	ITZIGERSTE	Itzigersté										
90762	140306	FENTANGE	Fentange	49.562778	6.153889		5808581158135814581758205823582558285832583758385839584258435853586158625864586758895891						
91056	140307	SANDWEILER-GARE	Sandweiler-Gare										
91158	140308	ALZINGEN	Alzingen				5815581858195824582958305833583558365844585458635865586858695870587158725873587558865887588858905892						
90034	1404	NIEDERANVEN	Niederanven	49.6475	6.26				5695	41.36		Gemeinde	
90226	140401	BUSCHHAUS	Buschhaus										
90234	140402	DISTILLERIE	Distillerie										
90272	140403	ENGELSHOF	Engelshof										
90276	140404	ERNSTER	Ernster	49.675556	6.247222		61656166						
90350	140405	HOEHENHOF	Hoehenhof	49.6325	6.220833								
90370	140406	HOSTERT	Hostert	49.650833	6.235		697069716978698569886989699069966998						
90504	140407	PARISHOF	Parishof										
90531	140408	RAMELDANGE	Rameldange	49.656944	6.233611		697269736974697569796980698169876990699169956996						
90626	140409	WALDHOF	Waldhof	49.6525	6.190278								
90797	140410	FRANZOSENGRUND	Franzosengrund										
90851	140411	JAEGERHAEUSCHEN	Jägerhäuschen										
90969	140412	NIEDERANVEN	Niederanven	49.6475	6.26		694069416942694369446945694669476948						
90987	140413	OBERANVEN	Oberanven	49.653611	6.241111		6969697069766977698269866992699669976999						
90988	140414	OBERANVEN-BARRIERE	Oberanven-Barrière										
91068	140415	SENNINGEN	Senningen	49.641944	6.239444		696069616962						
91069	140416	SENNINGERBERG	Senningerberg				120912391245125913601448163816461670170917362170231523572434244325132633						
91084	140417	STAFFELSTEIN	Staffelstein				2712						
90035	1405	SANDWEILER	Sandweiler	49.613333	6.218889				3033	7.73		Gemeinde	
90337	140501	GREVELSCHEUER	Grevelscheuer	49.633333	6.2								
90668	140502	BIRLERBARRIERE	Birlerbarrière										
90669	140503	BIRELERGRUND	Birelergrund										
90670	140504	BIRELERHOF	Birelerhof										
90768	140505	FINDEL	Findel	49.623889	6.202778		11101523174818432632						
90964	140506	NEUMUEHLE	Neumühle	49.7	5.9								
91055	140507	SANDWEILER	Sandweiler	49.613333	6.218889		52115212521352145215521652175218521952205221522252305231523252335234523552365237523852395240524152435244525052515252525352545255525652805290						
90036	1406	SCHUTTRANGE	Schuttrange	49.620556	6.268611				3304	16.10		Gemeinde	
90471	140601	MUNSBACH	Munsbach				5365536653725374						
90490	140602	NEUHAEUSCHEN	Neuhäuschen	49.619444	6.24		5290						
90589	140603	SCHRASSIG	Schrassig	49.605833	6.258889		529953605361536253635364						
90592	140604	SCHUTTRANGE	Schuttrange	49.620556	6.268611		53675368536953705371537253735375		1010				
90603	140605	UEBERSYREN	Uebersyren	49.628611	6.278056		5376537753785380						
90692	140606	BOHMUEHLE	Bohmühle	49.613056	6.249167								
90037	1407	STEINSEL	Steinsel	49.676944	6.123889				4443	21.81		Gemeinde	
90469	140701	MULLENDORF	Mullendorf				7302730573067312731773217324732673327346						
90836	140702	HEISDORF	Heisdorf	49.668611	6.142222		730473087310731173137314731873257328732973307334733573377338734073417342734573487349						
91089	140703	STEINSEL	Steinsel	49.676944	6.123889		730273037305730773097315731673197320732273237327733173337336733973437344						
90038	1408	STRASSEN	Strassen	49.620556	6.073333				5869	10.71		Gemeinde	
90537	140801	RECKENTHAL	Reckenthal										
91095	140802	STRASSEN	Strassen	49.620556	6.073333		137014451512152523612409241025108008800980108011801280138014801580168017801880198020802180228023802480258026802780288029803080318032803380348035803680378038803980408041804280438044804580468047804880498069						
90039	1409	WALFERDANGE	Walferdange	49.658333	6.137222				6847	7.06		Gemeinde	
90178	140901	BERELDANGE	Bereldange	49.656944	6.1275		721272137214721572167217722172237225722772327233723572367239724072417243724472457248724972527254725972607268						
90627	140902	WALFERDANGE	Walferdange	49.658333	6.137222		7209722072227224722672387253725672697274						
90841	140903	HELMSANGE	Helmsange	49.652778	6.141389		721072117218721972207226722872297230723172347237724272467247725072517255725772587261726272637270						
90040	1410	WEILER-LA-TOUR	Weiler-la-Tour	49.540833	6.200833				1421	17.07		Gemeinde	
90821	141001	HASSEL	Hassel	49.548611	6.209167		576057615762						
91098	141002	SYREN	Syren	49.561944	6.221667		58985899						
91108	141003	WEILER-LA-TOUR	Weiler-la-Tour	49.540833	6.200833		577057715772577357745775						
91109	141004	WEILER-STATION	Weiler-Station										
90041	15	MERSCH	Mersch	49.75	6.1				23570	223.90		Kanton	
90043	1501	COLMAR-BERG	Colmar-Berg				771077117712771477157716772077217722772477267727773077317732773377347735773777387739774077417750		1860	12.31		Gemeinde	
91159	150101	BERG	Berg										
91160	150102	CARLSHOF	Carlshof	49.83	6.064167								
91161	150103	COLMAR	Colmar	49.810278	6.097222								
91162	150104	WELSDORF	Welsdorf	49.816944	6.088056		77137723						
91163	150105	GEISMUEHLE	Geismühle										
90042	1502	BISSEN	Bissen	49.7875	6.069444				2441	20.75		Gemeinde	
90672	150201	BISSEN	Bissen	49.7875	6.069444		77607761776277637764776577667767776877697770777177727773777777787780778177827783778477857786778777887789779077917792779377947795						
90673	150202	BISSEN-FORGES	Bissen-Forges										
90674	150203	BISSEN-MOULIN	Bissen-Moulin										
91039	150204	ROOST	Roost	49.786667	6.096111		7759						
90127	1503	BOEVANGE	Boevange	50.046389	5.934167				1767	18.87		Gemeinde	
91164	150301	BOEVANGE-SUR-ATTERT	Boevange-sur-Attert				974087108711						
91165	150302	BROUCH	Brouch				741574167417						
91166	150303	BUSCHDORF	Buschdorf	49.750833	6.008333		7418						
91167	150304	BILL	Bill				7425						
91168	150305	FINSTERTHAL	Finsterthal	49.759167	6.041111		7425						
91169	150306	GREVENKNAPP	Grevenknapp	49.7625	6.033889		7433						
91170	150307	OBENTHALT	Obenthalt				7425						
91171	150308	FINSTERTHALERHOEHE	Finsterthalerhöhe										
91172	150309	BROUCH-MOULIN	Brouch-Moulin										
90044	1504	FISCHBACH	Fischbach	49.739722	6.187222				739	19.61		Gemeinde	
90137	150401	ANGELSBERG	Angelsberg	49.756389	6.160833		7410						
90568	150402	SCHILTZBERG	Schiltzberg				6175						
90585	150403	SCHOOS	Schoos	49.744167	6.170833		7475						
90772	150404	FISCHBACH	Fischbach	49.739722	6.187222		7430						
90775	150405	FISCHBACH-FORGE	Fischbach-Forge										
90904	150406	KOEDANGE	Koedange	49.728333	6.210278		6155						
91096	150407	STUPPICHT	Stuppicht				6155						
91122	150408	WEYER	Weyer	49.719722	6.2		6155						
90045	1505	HEFFINGEN	Heffingen	49.7625	6.241389				900	13.34		Gemeinde	
90292	150501	FUHRELS	Fuhrels										
90557	150502	SCHERBACH	Scherbach										
90558	150503	SCHERFENHOF	Scherfenhof										
90559	150504	SCHERFENMUEHLE	Scherfenmühle										
90826	150505	HEFFINGEN	Heffingen	49.7625	6.241389		763476507651765276537673						
90827	150506	HEFFINGEN-MOULIN	Heffingen-Moulin										
91011	150507	REULAND	Reuland	49.746667	6.260278		76397670						
91012	150508	REULAND-MOULIN	Reuland-Moulin										
91086	150509	STEINBORN	Steinborn										
90046	1506	LAROCHETTE	Larochette	49.776944	6.221111				1826	15.40		Gemeinde	
90277	150601	ERNZEN	Ernzen	49.765833	6.221944		76357636						
90324	150602	GOUDELT	Goudelt	49.772778	6.183056								
90425	150603	LAROCHETTE	Larochette	49.776944	6.221111		7610761176127613761476157616761876197620762176227623762476257626762776337634		1750				
90437	150604	LEIDENBACH	Leidenbach										
90452	150605	MEYSEMBOURG	Meysembourg	49.761667	6.188889		7461						
91119	150606	WEYDERT	Weydert										
90047	1507	LINTGEN	Lintgen	49.715833	6.133611				2363	15.25		Gemeinde	
90322	150701	GOSSELDANGE	Gosseldange	49.726389	6.116944		7432						
90515	150702	PLANKENHOF	Plankenhof	49.722222	6.185								
90525	150703	PRETTINGEN	Prettingen	49.7175	6.120278		7460						
90573	150704	SCHLEIF	Schleif	49.990556	5.8575								
90917	150705	LINTGEN	Lintgen	49.715833	6.133611		6155744074417442744374447445744674477448744974507451745274537454745574567457						
90048	1508	LORENTZWEILER	Lorentzweiler	49.694722	6.1425				2985	17.45		Gemeinde	
90148	150801	ASSELSCHEUERHOF	Asselscheuerhof				7392						
90383	150802	HUNSDORF	Hunsdorf	49.696667	6.131667		739573967397						
90532	150803	RAASHOF	Raashof										
90593	150804	SCHWANENTHAL	Schwanenthal										
90680	150805	BLASCHETTE	Blaschette	49.697222	6.170556		739073917392						
90689	150806	BOFFERDANGE	Bofferdange	49.683056	6.141667		736273647374737673787381						
90690	150807	BOFFERDANGE-FERME	Bofferdange-Ferme										
90730	150808	DAUSCHKAUL	Dauschkaul										
90840	150809	HELMDANGE	Helmdange	49.687222	6.143611		7351735273547355735773607371737373747382						
90898	150810	KLINGELSCHEUER	Klingelscheuer										
90924	150811	LORENTZWEILER	Lorentzweiler	49.694722	6.1425		73507353735673587359736173637370737273737375737773797380		879				
91112	150812	WEISBACH	Weisbach										
90049	1509	MERSCH	Mersch	49.75	6.1				7273	49.74		Gemeinde	
90183	150901	BERINGEN	Beringen	49.758333	6.116944		74097464754575907591759275937594						
90184	150902	BERINGERBERG	Beringerberg	49.763056	6.150556								
90342	150903	HILBACH	Hilbach										
90362	150904	HOSBICH	Hosbich										
90381	150905	HUNNEBOUR	Hunnebour										
90386	150906	HUEHNERHOF	Hühnerhof										
90446	150907	MERSCH	Mersch	49.748889	6.106111		7410747375127513751475157517751975207521752275237525752675317533753475357536754175427543754475457553755475557556755775597560756175627563756475657566756875697570757175727599						
90447	150908	MERSCH-GARE	Mersch-Gare										
90461	150909	MOESDORF	Moesdorf	49.768056	6.116667		74627464						
90510	150910	PETTINGEN	Pettingen				7463						
90533	150911	RECKANGE	Reckange	49.5625	6.008889		742575257595759675977598						
90534	150912	RECKANGE-BARRIERE	Reckange-Barrière										
90562	150913	SCHEUERHOF	Scheuerhof	49.59	6.316111								
90584	150914	SCHOENFELS	Schoenfels	49.718889	6.092222		7473						
90647	150915	BERSCHBACH	Berschbach	49.743889	6.115		754075437547						
90664	150916	BINZRATH	Binzrath										
90751	150917	ESSINGEN	Essingen	49.778889	6.116667		7424						
90771	150918	FINSTERTHALERHOF	Finsterthalerhof										
91033	150919	ROLLINGEN	Rollingen	49.741667	6.114444		75117516751875327537753975407543754675587567						
91040	150920	ROOSTHOF	Roosthof										
90050	1510	NOMMERN	Nommern	49.786944	6.174722				1040	22.44		Gemeinde	
90170	151001	BEISTEN	Beisten										
90197	151002	BOURGHOF	Bourghof										
90257	151003	EICHELBOUR	Eichelbour	49.794444	6.188056								
90572	151004	SCHLEIDERHOF	Schleiderhof										
90591	151005	SCHRONDWEILER	Schrondweiler	49.797778	6.159167		9184						
90724	151006	CRUCHTEN	Cruchten	49.791944	6.132778		74207421						
90725	151007	CRUCHTEN-GARE	Cruchten-Gare										
90894	151008	KLEINBOURGHOF	Kleinbourghof	49.813611	6.136944								
90974	151009	NIEDERGLABACH	Niederglabach				7431						
90991	151010	NOMMERN	Nommern	49.786944	6.174722		7465						
90998	151011	OBERGLABACH	Oberglabach	49.7775	6.150556		7431						
91072	151012	SEYLERHOF	Seylerhof										
91206	151013	GLABACH	Glabach				7431						
90131	1511	TUNTANGE	Tuntange	49.717778	6.010278				1108	18.74		Gemeinde	
90138	151101	ANSEMBOURG	Ansembourg	49.7025	6.043333		7411						
90195	151102	BOUR	Bour	49.701389	6.018889		7412						
90353	151103	HOLLENFELS	Hollenfels	49.713056	6.050833		7435						
90602	151104	TUNTANGE	Tuntange	49.717778	6.010278		748074818293						
90707	151105	CLAUSHOF	Claushof										
90865	151106	KOLBACHERHOF	Kolbacherhof										
90938	151107	MARIENTHAL	Marienthal	49.71	6.061667		7411						
90939	151108	MARIENTHALERHOF	Marienthalerhof										
90051	2	DIEKIRCH	Diekirch	49.916667	6				68132	1 157.24		Distrikt	
90083	20	VIANDEN	Vianden	49.933333	6.166667				2920	54.08		Kanton	
90085	2001	TANDEL	Tandel	49.8975	6.183333				1655	41.73		Gemeinde	
90156	200101	BASTENDORF	Bastendorf	49.891944	6.165278		935093519359		745				
90208	200102	BRANDENBOURG	Brandenbourg	49.9125	6.14		936093619378						
90289	200103	FROEHNERHOF	Froehnerhof										
90365	200104	HOSCHEIDTERHOF	Hoscheidterhof										
90421	200106	LANDSCHEID	Landscheid	49.924444	6.130278		94579458						
90580	200107	SCHMITTENHOF	Schmittenhof										
90629	200108	WALSDORF	Walsdorf	49.926667	6.173611		9465						
90651	200109	BETTEL	Bettel	49.917222	6.227778		94519452						
90682	200110	BLEESMUEHLE	Bleesmühle										
90774	200111	FISCHBACHERHOF	Fischbacherhof										
90790	200112	FOUHREN	Fouhren	49.915556	6.196111		94549455						
90860	200113	KAEMPCHEN	Kaempchen										
90887	200114	KIPPENHOF	Kippenhof	49.903333	6.135		9378						
90921	200115	LONGSDORF	Longsdorf	49.898889	6.205278		9459						
90946	200116	MARXBERG	Marxberg	49.9	6.209167								
91035	200117	RONNENBUSCH	Ronnenbusch										
91100	200119	TANDEL	Tandel	49.8975	6.183333		9395		90	15.94			
90084	2002	PUTSCHEID	Putscheid	49.960833	6.143056				770	27.13		Gemeinde	
90325	200201	GRALINGEN	Gralingen	49.936944	6.101667		9375						
90329	200202	GRAUENSTEIN	Grauenstein										
90364	200203	HOSCHEIDERHOF	Hoscheiderhof	49.938611	6.156111								
90396	200204	KOHLENBERG	Kohlenberg										
90449	200205	MERSCHEID	Merscheid-lès-Putscheid	49.871944	5.9725		9380						
90480	200206	NACHTMANDERSCHEID	Nachtmanderscheid	49.948333	6.129444		9461						
90524	200207	POUL	Poul	49.949722	6.139722								
90527	200208	PUTSCHEID	Putscheid	49.960833	6.143056		94619462						
90643	200209	WEILER	Weiler	50.104444	5.946111		9466						
90676	200210	BIVELS	Bivels	49.960278	6.192222		9453						
90677	200211	BIVELS-MOULIN	Bivels-Moulin										
91048	200213	ROUTE DE WAHLHAUSEN	Route de Wahlhausen										
91092	200214	STOLZEMBOURG	Stolzembourg	49.967222	6.167778		94639464						
91093	200215	STOLZEMBOURG-BARACKE	Stolzembourg-Baracke										
90086	2003	VIANDEN	Vianden	49.933333	6.166667				1457	9.67		Gemeinde	
90563	200301	SCHEUERHOF	Scheuerhof	49.59	6.316111								
90617	200302	VIANDEN	Vianden	49.935	6.208889		9405940694079408940994109411941294149415941694179418941994209421942294239424942594269440		1764				
91054	200303	SANATORIUM	Sanatorium										
90052	26	CLERVAUXCLERF	ClervauxClerf	50.054722	6.031389				12546	331.75		Kanton	
90059	2601	WINCRANGE	Wincrange	50.053333	5.919167				3690	113.36		Gemeinde	
90136	260101	ALLERBORN	Allerborn	50.036667	5.870833		9631						
90139	260102	ANTONIUSHOF	Antoniushof										
90144	260103	ASSELBORN	Asselborn	49.9	6.05		9940		892				
90146	260104	ASSELBORN-MOULIN	Asselborn-Moulin										
90147	260105	ASSELBORN-ROUTE	Asselborn-Route										
90204	260106	BOXHORN	Boxhorn	50.083889	5.9925		97419742						
90205	260107	BRACHTENBACH	Brachtenbach	50.021389	5.911389		9641						
90235	260108	DOENNANGE	Doennange	50.062222	5.955833		9745						
90270	260109	EMESCHBACH-ASSELBORN	Emeschbach-Asselborn										
90271	260110	EMESCHBACH-STOCKEM	Emeschbach-Stockem										
90345	260111	HINTERHASSEL	Hinterhassel				9754						
90352	260112	HOFFELT	Hoffelt	50.099722	5.923333		9960						
90434	260113	LEHRESMUEHLE	Lehresmühle	50.0875	5.944722								
90544	260114	SASSEL	Sassel	50.099444	5.9975		9976						
90570	260115	SCHIMPACH	Schimpach	50.010278	5.852222		9684						
90571	260116	SCHIMPACH-STATION	Schimpach-Station	50	5.833333								
90596	260117	TROINE	Troine	50.064444	5.883056		9772						
90597	260118	TROINE-ROUTE	Troine-Route	50.046111	5.878056		9773						
90610	260119	USCHLER	Uschler										
90644	260120	WEILER	Weiler	50.104444	5.946111		9982						
90687	260121	BOCKMUEHLE	Bockmühle	50.097778	6.021667								
90688	260122	BOEVANGE/CLERVAUX	Boevange/Clervaux						991				
90721	260124	CRENDAL	Crendal	50.057778	5.898056		9743						
90731	260125	DEIFFELT	Deiffelt	50.065556	5.963889		9744						
90741	260126	DERENBACH	Derenbach	50.015	5.889722		9645						
90809	260127	HACHIVILLE	Hachiville	50.108056	5.923333		9956		453				
90815	260128	HAMIVILLE	Hamiville	49.668611	6.142222		9752						
90925	260129	LULLANGE	Lullange	50.06	5.941944		97629780						
90930	260130	LENTZWEILER	Lentzweiler	50.07	5.978056		97619779						
90967	260132	NEUMUEHLE	Neumühle	49.7	5.9								
90979	260133	NIEDERWAMPACH	Niederwampach	50.011667	5.843611		9672						
91001	260134	OBERWAMPACH	Oberwampach	50.016667	5.860833		9673		649				
91050	260135	RUMLANGE	Rumlange	50.08	5.975556		9770						
91090	260136	STOCKEM	Stockem	50.078889	5.958056		9771						
91091	260137	STOCKEM-ROUTE	Stockem-Route										
91127	260138	WINCRANGE	Wincrange	50.053333	5.919167		9780		207				
91174	260139	EMESCHBACH	Emeschbach										
90053	2603	CLERVAUX	Clervaux	50.083333	6				1850	25.49		Gemeinde	
90609	260301	URSPELT	Urspelt	50.075556	6.046667		9774						
90640	260302	WEICHERDANGE	Weicherdange	50.038333	5.989444		97659775						
90709	260303	CLERVAUX	Clervaux	50.054722	6.031389		970697079708970997109711971297139714971597379765		1017				
90750	260304	ESELBORN	Eselborn	50.062778	6.003611		973897489779						
90874	260305	KATZFELD	Katzfeld										
90889	260306	KIRELSHOF	Kirelshof										
90952	260307	MECHER	Mecher	49.923333	5.872222		9765						
91013	260308	REULER	Reuler	50.057778	6.0375		9768						
90128	2604	CONSTHUM	Consthum	49.974722	6.054167				336	14.95		Gemeinde	
90303	260401	GEYERSHOF	Geyershof	49.759167	6.387778								
90360	260402	HOLZTHUM	Holzthum	49.985	6.073333		9834						
90717	260403	CONSTHUM	Consthum	49.974722	6.054167		9831						
90054	2606	HEINERSCHEID	Heinerscheid	50.096111	6.088056				1170	33.99		Gemeinde	
90384	260601	HUPPERDANGE	Hupperdange	50.096111	6.059167		9755						
90428	260602	LAUSDORN	Lausdorn	50.119167	6.083333		9968						
90773	260603	FISCHBACH	Fischbach	49.739722	6.187222		9749						
90789	260604	FOSSEN	Fossen										
90800	260605	GRINDHAUSEN	Grindhausen	50.083333	6.06		9751						
90832	260606	HEINERSCHEID	Heinerscheid	50.096111	6.088056		9753		526				
90861	260607	KAESFURT	Kaesfurt				9756						
90866	260608	KALBORN	Kalborn	50.102778	6.113056		9757						
90867	260609	KALBORN-MOULIN	Kalborn-Moulin				9758						
90912	260610	LIELER	Lieler	50.124444	6.11		9972						
91105	260611	TINTESMUEHLE	Tintesmühle	50.094722	6.1275		9758						
90055	2607	HOSINGEN	Hosingen	50.017778	6.093333				1667	45.28		Gemeinde	
90133	260701	ACKERSCHEID	Ackerscheid										
90240	260702	DORSCHEID	Dorscheid	50.036111	6.071389		9833						
90241	260703	DORSCHEIDERHAEUSCHEN	Dorscheiderhäuschen	50.039167	6.079722								
90361	260704	HORNICHSHOF	Hornichshof										
90367	260705	HOSINGEN	Hosingen	50.017778	6.093333		980598069807980898099836		761				
90368	260706	HOSINGEN-BARRIERE	Hosingen-Barrière										
90398	260707	KOHNENHOF	Kohnenhof				9838						
90433	260708	LEHMKAUL	Lehmkaul										
90484	260709	NEIDHAUSEN	Neidhausen	50.028889	6.066667		9837						
90582	260710	SCHMITZDELL	Schmitzdell										
90605	260711	UNTEREISENBACH	Untereisenbach	50.001667	6.145556		9838						
90621	260712	WAHLHAUSEN	Wahlhausen	49.985278	6.126667		98369841						
90622	260713	WALDBERG	Waldberg										
90639	260714	WEGSCHEID	Wegscheid										
90685	260715	BOCKHOLTZ	Bockholtz	50.012222	6.052778		9830						
90729	260716	DASBOURG-PONT	Dasbourg-Pont										
90742	260717	DICKT	Dickt	49.973056	6.091667								
90761	260718	FENNBERG	Fennberg	50.012778	6.091389								
90996	260719	OBEREISENBACH	Obereisenbach	50.007222	6.146667		98389839						
91026	260720	RODERSHAUSEN	Rodershausen	50.036667	6.131111		9839						
91046	260721	ROUTE DE VIANDEN	Route de Vianden										
91207	260722	EISENBACH	Eisenbach				98389839						
90056	2608	MUNSHAUSEN	Munshausen	50.033611	6.038611				1034	25.57		Gemeinde	
90243	260801	DRAUFFELT	Drauffelt	50.017778	6.006111		9746						
90473	260802	MUNSHAUSEN	Munshausen	50.033611	6.038611		9766		172	8.6			
90941	260803	MARNACH	Marnach	50.053333	6.061944		97639764						
91025	260804	RODER	Roder	50.055833	6.083611		9769						
91073	260805	SIEBENALER	Siebenaler	50.010556	6.026667		9840						
91173	260806	MARBOURG	Marbourg										
90057	2609	TROISVIERGES	Troisvierges	50.133333	6				2520	37.86		Gemeinde	
90152	260901	BASBELLAIN	Basbellain	50.145833	5.983889		9942						
90245	260902	DRINKLANGE	Drinklange	50.133611	6.019167		9952						
90315	260903	GOEDANGE	Goedange	50.149167	6.013333		9954						
90376	260904	HULDANGE	Huldange	50.164722	6.015		9964						
90377	260905	HULDANGE-FORGE	Huldange-Forge	50.181667	6.025278		9964						
90378	260906	HULDANGE-MOULIN	Huldange-Moulin										
90442	260907	LENGLERLOCH	Lenglerloch										
90599	260908	TROISVIERGES	Troisvierges	50.121111	6.000278		99039905990699079908990999109911991299139999						
90679	260909	BIWISCH	Biwisch	50.118056	5.979167		9948						
90702	260910	CINQFONTAINES	Cinqfontaines	50.107222	6.007778		9902						
90823	260911	HAUTBELLAIN	Hautbellain	50.156667	5.978611		9943						
91128	260912	WILWERDANG	Wilwerdang	50.140556	6.023889		9980						
90058	2610	WEISWAMPACH	Weiswampach	50.137222	6.075				1159	35.25		Gemeinde	
90169	261001	BEILER	Beiler	50.165556	6.088889		9944						
90210	261002	BREIDFELD	Breidfeld	50.124167	6.063611		9950						
90354	261003	HOLLER	Holler	50.123611	6.049444		9962						
90355	261004	HOLLER-MOULIN	Holler-Moulin				9968						
90438	261006	LEITHUM	Leithum	50.160833	6.108889		9970						
90598	261007	TROISBARAQUES	Troisbaraques										
90663	261008	BINSFELD	Binsfeld	50.118889	6.038611		9946						
90862	261009	KAESFURT	Kaesfurt				9966						
90892	261010	KLEEMUEHLE	Kleemühle				9968						
90932	261011	MAISON-DE-GARDE	Maison-de-garde										
90951	261012	MAULUSMUEHLE	Maulusmühle				9974						
91043	261013	ROSSMUEHLE	Rossmühle				9968						
91115	261014	WEISWAMPACH	Weiswampach	50.137222	6.075		9990999199929993						
91120	261015	WEMPERHARDT	Wemperhardt	50.155556	6.053333		9999						
90060	27	DIEKIRCH	Diekirch	49.866667	6.166667				27029	239.37		Kanton	
90061	2702	BETTENDORF	Bettendorf	49.891944	6.165278				2300	23.24		Gemeinde	
90215	270201	BRODERBOUR	Broderbour	49.853056	6.187222		9373						
90306	270202	GILSDORF	Gilsdorf	49.866944	6.1825		92219370937193729373						
90347	270203	HIRZENHOF	Hirzenhof	49.862222	6.230278								
90462	270204	MOESTROFF	Moestroff	49.867778	6.239444		93819382						
90465	270205	MORGENFLISSEN	Morgenflissen										
90466	270206	MOSCHBERG	Moschberg										
90545	270207	SASSELBACH	Sasselbach										
90590	270208	SCHROEDESCHHOF	Schroedeschhof										
90600	270209	TSCHIDESCHMUEHLE	Tschideschmühle										
90606	270210	UNTERFOOS	Unterfoos										
90607	270211	UNTERHEREL	Unterherel										
90652	270212	BETTENDORF	Bettendorf	49.876667	6.218056		935393549355935693579359						
90681	270213	BLEESBRUCK	Bleesbruck										
90704	270214	CLAIREFONTAINE	Clairefontaine	49.866667	6.183333								
90708	270215	CLEMENSHOF	Clemenshof	49.844444	6.161111								
90882	270216	KEIWELBACH	Keiwelbach										
90885	270217	KEMPCHEN	Kempchen	49.851944	6.164722								
90970	270218	NIEDERBERG	Niederberg	49.883333	6.2								
91067	270219	SELZ	Selz				9359						
90062	2703	BOURSCHEID	Bourscheid	49.91	6.067222				1230	36.86		Gemeinde	
90145	270301	ASSELBORN-KEHMEN	Asselborn-Kehmen										
90159	270302	BAUMHOF	Baumhof										
90199	270303	BOURSCHEID	Bourscheid	49.91	6.067222		91409172						
90200	270304	BOURSCHEID-CHÂTEAU	Bourscheid-Château										
90201	270305	BOURSCHEID-MOULIN	Bourscheid-Moulin				9164						
90206	270306	BRAHMMUEHLE	Brahmmühle										
90273	270307	ENTESCHBACH	Enteschbach										
90312	270308	GOEBELSMUEHLE	Goebelsmühle				9153						
90453	270309	MICHELAU	Michelau	49.9	6.091944		91719172						
90552	270310	SCHEIDEL	Scheidel	49.893611	6.044722		9182						
90579	270311	SCHLINDERMANDERSCHEID	Schlindermanderscheid	49.933056	6.063611		9183						
90710	270312	CLOSDELT	Closdelt	49.902222	6.124167								
90776	270313	FISCHEIDERHOF	Fischeiderhof										
90780	270314	FLEBOUR	Flebour	49.899167	5.812778		9378						
90794	270315	FRIEDBUSCH	Friedbusch	49.883889	6.125		9183						
90879	270316	KEHMEN	Kehmen	49.900833	6.037222		9163						
90918	270317	LIPPERSCHEID	Lipperscheid	49.918611	6.086667		91649378						
91118	270318	WELSCHEID	Welscheid	49.888056	6.067778		9191						
91129	270319	WINDHOF	Windhof	49.648333	6.063333								
91208	270320	BOURSCHEID-PLAGE	Bourscheid-Plage				9164						
90063	2704	DIEKIRCH	Diekirch	49.916667	6.133333				6167	12.42		Gemeinde	
90287	270401	FRIEDHOF	Friedhof	49.891111	6.136111								
90736	270402	DIEKIRCH	Diekirch	49.867778	6.155833		920592069207920892099210921192129213921492159216921792189220922192249225922692279228922992309231923292339234923592369237923892399240924192429243924492509251925292539254925592569257925892599260926192629263926492659266926792689273927592769277927892799280928192829283928492859286928792889289929092919292929393309359936993709378						
90848	270403	HERRENBERG	Herrenberg	49.878333	6.168889								
90064	2705	ERMSDORF	Ermsdorf	49.829444	6.222778				903	24.09		Gemeinde	
90149	270501	BACKESMUEHLE	Backesmühle										
90217	270502	BRUECHERHECK	Brücherheck										
90219	270503	BRUECHERHOF	Brücherhof	49.836389	6.201111								
90274	270504	EPPELDORF	Eppeldorf	49.844444	6.249722		93649365						
90275	270505	ERMSDORF	Ermsdorf	49.829444	6.222778		93649366		221				
90305	270506	GILCHER	Gilcher										
90341	270507	HESSENMUEHLE	Hessenmühle										
90369	270508	HOSSENBERG	Hossenberg										
90459	270509	MOSERHOF	Moserhof										
90493	270510	NEUMUEHLE	Neumühle	49.7	5.9								
90636	270511	WEBERSHOF	Webershof	49.816667	6.25								
90781	270512	FOLKENDANGE	Folkendange	49.843056	6.204167		9368						
90883	270513	KEIWELBACH	Keiwelbach				9364						
91008	270514	REISERMUEHLE	Reisermühle										
91080	270515	SPIERBERICH	Spierberich										
91085	270516	STEGEN	Stegen	49.83	6.171944		9186						
91175	270517	MODERHOF	Moderhof										
90065	2706	ERPELDANGE	Erpeldange	49.544444	6.3275				2182	17.97		Gemeinde	
90229	270601	BUERDEN	Bürden				9142						
90279	270602	ERPELDANGE	Erpeldange	49.544444	6.3275		9145914691479172		835				
90389	270603	INGELDORF	Ingeldorf	49.851944	6.134722		909991609161						
90488	270604	NEUHOF	Neuhof	49.891111	5.8625								
90066	2707	ETTELBRUCK	Ettelbruck	49.833333	6.083333				7478	30.86		Gemeinde	
90334	270701	GRENTZINGEN	Grentzingen	49.831944	6.093056		7758						
90631	270702	WARKEN	Warken	49.854444	6.095		901890199028902990309090						
90752	270703	ETTELBRUCK	Ettelbruck	49.8475	6.104167		9010901190129013901490159016901790209021902290239024902590269027904090419042904390449045904690479048905090519052905390549055906090619062906390649065906690679068906990709071908090819082908390849085908690879088908990919092909390949098		6246	15.18			
90831	270704	HEINENHOF	Heinenhof										
90844	270705	HERCKMANNSMUEHLE	Herckmannsmühle										
90922	270706	LOPERT	Lopert										
90954	270707	MEDERHOF	Mederhof										
90067	2708	FEULEN	Feulen	49.855556	6.047222				830	24.09		Gemeinde	
90346	270801	HIRTZHOF	Hirtzhof										
90375	270802	HUBERTUSHOF	Hubertushof	49.84	6.056389								
90765	270803	FEULEN	Feulen	49.855556	6.047222		91759176917791799180						
90766	270804	FEULENERHECKEN	Feulenerhecken										
90871	270805	KALKFABRIK	Kalkfabrik										
90973	270806	NIEDERFEULEN	Niederfeulen	49.855556	6.047222		90459156917591769177						
90997	270807	OBERFEULEN	Oberfeulen	49.848056	6.035556		91799180						
90068	2709	HOSCHEID	Hoscheid	49.947222	6.081667				496	10.42		Gemeinde	
90363	270901	HOSCHEID	Hoscheid	49.947222	6.081667		937693779378						
90608	270902	UNTERSCHLINDER	Unterschlinder				9183						
90735	270903	DICKT	Dickt	49.973056	6.091667		9835						
90880	270904	KEHRMUEHLE	Kehrmühle										
90940	270905	MARKENBACH	Markenbach										
91002	270906	OBERSCHLINDER	Oberschlinder	49.95	6.066667								
90069	2710	MEDERNACH	Medernach	49.801944	6.218333				1023	15.64		Gemeinde	
90236	271001	DOLENBERG	Dolenberg										
90294	271002	FUERTGESHOF	Fürtgeshof										
90397	271003	KOHN	Kohn										
90399	271004	KOHNSHOECHT	Kohnshöcht										
90418	271005	KUEHLENWEG	Kühlenweg										
90478	271006	MUEHLENWEG	Mühlenweg										
90487	271007	NEUENSHOF	Neuenshof										
90500	271008	OSTERT	Ostert										
90518	271009	PLETSCHETTE	Pletschette										
90546	271010	SAVELBORN	Savelborn	49.804167	6.253889		6380						
90576	271011	SCHLEIFMUEHLE	Schleifmühle	49.601389	6.154167								
90635	271012	WATTSCHEID	Wattscheid										
90782	271013	FOLLMUEHLE	Follmühle										
90795	271014	FOUSHECK	Fousheck										
90850	271015	HALSBACH	Halsbach										
90886	271016	KENGERT	Kengert										
90890	271017	KITZENBOURG	Kitzenbourg										
90900	271018	KNEPCHEN	Knepchen	49.741944	6.018611								
90947	271019	MARXBERG	Marxberg	49.9	6.209167								
90955	271020	MEDERNACH	Medernach	49.801944	6.218333		6380763476607661766276637664						
90961	271021	NEUMUEHLE	Neumühle	49.7	5.9								
91006	271022	OLIGSMUEHLE	Oligsmühle										
91019	271023	RINKENBERG	Rinkenberg										
91176	271024	OSTERBOUR	Osterbour										
91177	271025	SCHWANTERHOF	Schwanterhof										
90070	2711	MERTZIG	Mertzig	49.833889	6.0075				1476	11.10		Gemeinde	
90451	271101	MERTZIG	Mertzig	49.833889	6.0075		91669167916891699170						
90071	2712	REISDORF	Reisdorf	49.868611	6.267778				956	14.84		Gemeinde	
90165	271201	BEFORTERHEIDE	Beforterheide										
90310	271202	GOBERHOF	Goberhof										
90351	271203	HOESDORF	Hoesdorf	49.883889	6.258056		9456						
90403	271204	KRANZENHOF	Kranzenhof										
90543	271205	REISDORF	Reisdorf	49.868611	6.267778		93909391		616				
90555	271206	SCHEIDHECK	Scheidheck										
90628	271207	WALLENDORF-PONT	Wallendorf-Pont				9392						
90658	271208	BIGELBACH	Bigelbach	49.860278	6.288056		6340						
90847	271209	HERMESWIES	Hermeswies										
91031	271210	ROHR	Rohr										
90072	2713	SCHIEREN	Schieren	49.830556	6.098611				1472	10.41		Gemeinde	
90517	271301	PLETER	Pleter										
90564	271302	SCHIEREN	Schieren	49.830556	6.098611		773891159116911791189119912091219122912391249125912691279128912991309131913291339134913591369184						
90565	271303	SCHIEREN-MOULIN	Schieren-Moulin										
90566	271304	SCHIERENERHOF	Schierenerhof										
90666	271305	BIRKENHOF	Birkenhof										
90671	271306	BIRTRANGE	Birtrange	49.826944	6.091389		7758						
90712	271307	COLMAR-PONT	Colmar-Pont										
90949	271308	MATHIEUHOF	Mathieuhof										
90977	271309	NIEDERSCHIEREN	Niederschieren	49.833333	6.1								
91000	271310	OBERSCHIEREN	Oberschieren	49.833333	6.1								
90073	28	REDANGE	Redange	49.765556	5.890833				13849	267.49		Kanton	
90074	2802	BECKERICH	Beckerich	49.730556	5.887222				2104	28.41		Gemeinde	
90164	280201	BECKERICH	Beckerich	49.730556	5.887222		852185228523						
90266	280202	ELVANGE	Elvange	49.724722	5.917778		8533						
90372	280203	HOVELANGE	Hovelange	49.7225	5.907222		8538						
90373	280204	HOVELANGE-HALTE	Hovelange-Halte										
90385	280205	HUTTANGE	Huttange	49.736111	5.898611		8539						
90439	280206	FERME DE LEITRANGE	Ferme de Leitrange										
90440	280207	LEITRANGE	Leitrange										
90909	280208	LEVELANGE	Lévelange	49.739722	5.856667		8543						
90985	280209	NOERDANGE	Noerdange	49.742222	5.926111		85508551						
90999	280210	OBERPALLEN	Oberpallen	49.730278	5.843889		8552						
91062	280211	SCHWEICH	Schweich	49.722778	5.9275		8562						
90076	2803	PREIZERDAUL	Préizerdaul	49.795278	5.941111				1300	15.60		Gemeinde	
91178	280301	BETTBORN	Bettborn	49.795278	5.941111		8606						
91179	280302	HORAS	Horas	49.810556	5.918611								
91180	280303	PLATEN	Platen	49.791111	5.934722		855886118615						
91181	280304	PRATZ	Pratz	49.801667	5.939167		86128613						
91182	280305	REIMBERG	Reimberg	49.797222	5.953889		8614						
91183	280306	PRATZ-MOULIN	Pratz-Moulin										
91184	280307	RODBACH	Rodbach	49.779722	5.935278								
90129	2805	ELL	Ell	49.763889	5.857222				842	21.55		Gemeinde	
90261	280501	ELL	Ell	49.763889	5.857222		85308531						
90508	280502	PETIT-NOBRESSART	Petit-Nobressart	49.779722	5.809444		8557						
90713	280503	COLPACH-BAS	Colpach-Bas	49.758333	5.826944		85268527						
90714	280504	COLPACH-HAUT	Colpach-Haut	49.768611	5.82		8528						
91036	280505	ROODT	Roodt	49.794444	5.821667		8560						
90077	2806	RAMBROUCH	Rambrouch	49.830833	5.845				3701	79.09		Gemeinde	
90140	280601	ARSDORF	Arsdorf	49.861389	5.843889		88088809		374				
90141	280602	ARSDORF-MOULIN	Arsdorf-Moulin										
90286	280603	ESCHETTE	Eschette	49.823056	5.888333		8817						
90316	280604	GOELDT-HOSTERT	Goeldt-Hostert										
90357	280605	HOLTZ	Holtz	49.807222	5.791667		8820						
90371	280606	HOSTERT	Hostert	49.650833	6.235		85378546						
90395	280607	KOETSCHETTE	Koetschette	49.838056	5.840278		8821						
90458	280608	MISEREHOF	Misèrehof	49.866667	5.833333								
90507	280609	PERLE	Perlé	49.811667	5.765833		882488258826		1019				
90530	280610	RAMBROUCH	Rambrouch	49.830833	5.845		88058806		386				
90659	280611	BIGONVILLE	Bigonville	49.851667	5.793333		881288138814		363				
90660	280612	BIGONVILLE-MOULIN	Bigonville-Moulin										
90661	280613	BIGONVILLE-ROUTE	Bigonville-Route										
90662	280614	BILSDORF	Bilsdorf	49.8575	5.825		8811						
90777	280615	FLATZBOUR	Flatzbour	49.836111	5.789167		8812						
90783	280616	FOLSCHETTE	Folschette	49.814167	5.874722		853788348835		856				
90825	280617	MARTELANGE-HAUT	Martelange-Haut	49.825	5.751111		8823						
90945	280619	MARTELINVILLE	Martelinville	49.866944	5.773333								
90963	280620	NEUMUEHLE	Neumühle	49.7	5.9								
91014	280621	RIESHAUS	Rieshaus										
91063	280622	SCHWIEDELBROUCH	Schwiedelbrouch	49.830556	5.854444								
91113	280623	WEISSENHOF	Weissenhof	49.566667	6.116667								
91135	280624	WOLWELANGE	Wolwelange	49.828611	5.764722		8833						
91185	280625	GOELDT	Goeldt										
91186	280626	ROMBACH	Rombach	49.834722	5.742778		8832						
91209	280627	BIGONVILLE-POTEAU	Bigonville-Poteau				8812						
91210	280628	RIESENHOF	Riesenhof				8821						
90075	2807	GROSBOUS	Grosbous	49.827778	5.967222				735	20.11		Gemeinde	
90435	280701	LEHRHOF	Lehrhof				9144						
90436	280702	LEHRHAEUSCHEN	Lehrhäuschen	49.856667	5.948056								
90732	280703	DELLEN	Dellen	49.859167	5.961389		9144						
90801	280704	GROSBOUS	Grosbous	49.827778	5.967222		91549155						
90078	2809	REDANGE	Redange	49.8	5.9				2320	31.95		Gemeinde	
90264	280901	ELTZ	Eltz	49.778333	5.895		8540						
90265	280902	ELTZ-REDANGE	Eltz-Redange										
90423	280903	LANNEN	Lannen	49.789444	5.839722		8542						
90424	280904	LANNENERBERG	Lannenerberg	49.798611	5.835278								
90481	280905	NAGEM	Nagem	49.789167	5.857778		8544						
90482	280906	NAGEMERBERG	Nagemerberg										
90483	280907	NAGEMERHOF	Nagemerhof										
90497	280908	OSPERN	Ospern	49.783889	5.904444		8540						
90498	280909	OSTERBOUR	Osterbour										
90539	280910	REDANGE	Redange	49.765556	5.890833		850685078508850985108511		1112				
90541	280911	REICHLANGE	Reichlange	49.773611	5.928056		8558						
90828	280912	HEIDENKAUL	Heidenkaul	49.796111	5.908611								
90975	280913	NIEDERPALLEN	Niederpallen	49.755278	5.912222		8545						
90976	280914	NIEDERPALLEN-MOULIN	Niederpallen-Moulin										
90079	2810	SAEUL	Saeul	49.727222	5.986389				550	14.86		Gemeinde	
90232	281001	CALMUS	Calmus	49.725556	5.964444		8525						
90255	281002	EHNER	Ehner	49.7175	5.95		8529						
90872	281003	KAPWEILER	Kapweiler	49.739444	5.970556		8541						
91053	281004	SAEUL	Saeul	49.727222	5.986389		74707471		333				
91060	281005	SCHWEBACH	Schwebach	49.746111	5.971944		8561						
90080	2811	USELDANGE	Useldange	49.769722	5.982222				1419	23.92		Gemeinde	
90542	281101	REICHLANGE-HALTE	Reichlange-Halte										
90549	281102	SCHANDEL	Schandel	49.792222	5.975833		8620						
90611	281103	USELDANGE	Useldange	49.769722	5.982222		8705870687078708		622				
90753	281104	EVERLANGE	Everlange	49.774167	5.955556		85588715						
90754	281105	EVERLANGE-MOULIN	Everlange-Moulin										
91042	281106	RIPPWEILER	Rippweiler	49.751667	5.9575		8720						
90081	2812	VICHTEN	Vichten	49.803056	6				853	12.26		Gemeinde	
90454	281201	MICHELBOUCH	Michelbouch				9173						
90505	281202	PECKELSHOF	Peckelshof	49.814167	6.01								
90618	281203	VICHTEN	Vichten	49.803056	6		9173918891899190						
90619	281204	VICHTERHAIDE	Vichterhaide										
91124	281205	WILTGESHOF	Wiltgeshof	49.938611	6.156111								
90082	2813	WAHL	Wahl	49.836667	5.906389				740	19.74		Gemeinde	
90209	281301	BRATTERT	Brattert	49.855556	5.903611		8816						
90227	281302	BUSCHRODT	Buschrodt	49.827222	5.935833		8610						
90336	281303	GREVELS	Grevels	49.853056	5.915833		8818						
90413	281304	KUBORN	Kuborn	49.870556	5.903056		8822						
90417	281305	KOENIGSHOF	Koenigshof										
90540	281306	REDINGSHOF	Redingshof	49.841667	5.880833								
90620	281307	WAHL	Wahl	49.836667	5.906389		88188838		225	7.18			
90837	281308	HEISPELT	Heispelt	49.857222	5.880556		8819						
91015	281309	RINDSCHLEIDEN	Rindschleiden	49.850278	5.901389		8831						
91016	281310	RINGBACH	Ringbach										
90087	29	WILTZ	Wiltz	49.916667	5.916667				11788	264.55		Kanton	
90088	2901	BOULAIDE	Boulaide	49.887778	5.816389				756	32.13		Gemeinde	
90155	290101	BASCHLEIDEN	Baschleiden	49.898333	5.820278		9633						
90193	290102	BOULAIDE	Boulaide	49.887778	5.816389		963396399640						
90194	290103	BOULAIDE-MOULIN	Boulaide-Moulin										
90522	290104	POTEAU DE HARLANGE	Poteau de Harlange										
90550	290105	SCHAULSMUEHLE	Schaulsmühle										
90779	290106	FLEBOUR	Flebour	49.899167	5.812778		9340						
91097	290107	SURRE	Surré	49.903056	5.78		9687						
90089	2902	ESCH-SUR-SÛRE	Esch-sur-Sûre	49.911389	5.936389				290	6.76		Gemeinde	
90151	290201	BARRAGE	Barrage										
90283	290202	ESCH-SUR-SÛRE	Esch-sur-Sûre	49.911389	5.936389		9650		290				
90284	290203	ESCH-SUR-SÛRE-BARRAGE	Esch-sur-Sûre-Barrage										
90747	290204	ESCH-TUNNEL	Esch-Tunnel										
90786	290205	FOND DE HEIDERSCHEID	Fond de Heiderscheid	49.903611	5.962222		9659						
90090	2903	ESCHWEILER	Eschweiler	49.711389	6.310556				650	19.88		Gemeinde	
90231	290301	CAFE HALTE	Café Halte										
90280	290302	ERPELDANGE	Erpeldange	49.544444	6.3275		9648						
90748	290303	ESCHWEILER	Eschweiler	49.711389	6.310556		9651						
90895	290304	KLEINHOSCHEID	Kleinhoscheid	50.019444	5.968056		9759						
90899	290305	KNAPHOSCHEID	Knaphoscheid	50.013333	5.964722		9759						
91065	290306	SELSCHEID	Selscheid	50.018056	5.948889		9682						
90091	2904	GOESDORF	Goesdorf	49.921667	5.968333				1100	29.41		Gemeinde	
90223	290401	BUDERSCHEID	Buderscheid	49.933889	5.941944		9643						
90317	290403	GOESDORF	Goesdorf	49.921667	5.968333		9653		240				
90318	290404	GOESDORF-MINE	Goesdorf-Mine										
90684	290405	BOCKHOLTZ	Bockholtz	50.012222	6.052778		9637						
90686	290406	BOCKHOLTZ-MOULIN	Bockholtz-Moulin										
90726	290407	DAHL	Dahl	49.935278	5.975833		9644						
90818	290409	HARDERBACH	Harderbach										
90948	290410	MASSELER	Masseler	49.930833	6.037222		9668						
90982	290411	NOCHER	Nocher	49.9475	5.979167		9674						
90983	290412	NOCHER-ROUTE	Nocher-Route				9674						
90094	2905	LAC DE LA HAUTE-SÛRE	Lac de la Haute-Sûre						1365	48.50		Gemeinde	
90160	290501	BAVIGNE	Bavigne	49.921944	5.849444		9635						
90249	290502	DUENKRODT	Dünkrodt										
90634	290503	WATRANGE	Watrange	49.944167	5.785833		9690						
90819	290504	HARLANGE	Harlange	49.931389	5.79		965596569657		573				
90875	290505	KAUNDORF	Kaundorf	49.921389	5.903056		9662						
90911	290506	LIEFRANGE	Liefrange	49.91	5.8775		9665						
90953	290507	MECHER	Mecher	49.923333	5.872222		9669		515				
90986	290508	NOTHUM	Nothum	49.941389	5.882778		9678						
91058	290509	SAINT-PIRMIN	Saint-Pirmin										
91101	290510	TARCHAMPS	Tarchamps	49.950556	5.796111		9689						
90092	2906	HEIDERSCHEID	Heiderscheid	49.888889	5.978889				1175	32.65		Gemeinde	
90285	290601	ESCHDORF	Eschdorf	49.886111	5.936667		91509151						
90448	290602	MERSCHEID	Merscheid	49.871944	5.9725		9165						
90734	290603	DICKESCHBOUR	Dickeschbour										
90738	290604	DIRBACH	Dirbach	49.921111	6.038333		9153						
90829	290606	HEIDERSCHEID	Heiderscheid	49.888889	5.978889		915691579158						
90846	290607	HERHECK	Herheck	49.873056	5.931111		9144						
91017	290608	RINGEL	Ringel	49.916944	6.011944		9181						
91018	290609	RINGEL-FERME	Ringel-Ferme										
91099	290610	TADLER	Tadler	49.911389	5.995556		9181						
90093	2907	KIISCHPELT	Kiischpelt	49.988889	5.999167				898	33.58		Gemeinde	
91187	290701	ALSCHEID	Alscheid				9632						
91188	290702	KAUTENBACH	Kautenbach				9663		257				
91189	290703	WILWERWILTZ	Wilwerwiltz				9776		602				
91190	290704	KOENERHOF	Koenerhof	49.965278	6.01								
91191	290705	MERKHOLTZ	Merkholtz	49.9625	5.981667		9670						
91192	290706	SCHUTTBOURG-MOULIN	Schuttbourg-Moulin										
91193	290707	ENSCHERANGE	Enscherange	49.999444	5.992778		9747						
91194	290708	LELLINGEN	Lellingen	49.983611	6.014444		9760						
91195	290709	PINTSCH	Pintsch	49.994444	6.013056		9767						
91196	290710	SCHUTTBOURG-CHÂTEAU	Schuttbourg-Château										
90095	2909	NEUNHAUSEN	Neunhausen	49.8775	5.887222				244	11.85		Gemeinde	
90187	290901	BONNAL	Bonnal	49.903611	5.888056								
90196	290902	BOURGFRIED	Bourgfried	49.900833	5.858611								
90966	290903	NEUNHAUSEN	Neunhausen	49.8775	5.887222		9671						
90390	290904	INSENBORN	Insenborn	49.901667	5.884722		9660						
90926	290906	LULTZHAUSEN	Lultzhausen	49.909444	5.890833		9666						
90096	2911	WILTZ	Wiltz	49.916667	5.916667				4507	19.37		Gemeinde	
90157	291101	BATZENDELLT	Batzendellt										
90420	291102	LAMESCHMUEHLE	Lameschmühle	49.514167	6.044167								
90594	291103	TOUTSCHENMUEHLE-BARRIERE	Toutschenmühle-Barrière										
90642	291104	WEIDINGEN	Weidingen	49.972778	5.941944		951795189535955395729576						
90980	291105	NIEDERWILTZ	Niederwiltz	49.969167	5.923056								
91045	291107	ROULLINGEN	Roullingen	49.955833	5.924722		9681						
91107	291108	TOUTSCHENMUEHLE	Toutschenmühle										
91125	291109	WILTZ	Wiltz	49.968889	5.931944		95109511951295139514951595169519952095219522952395309531953295339534953695379538953995409541954295439544954595509551955295549555955695579558955995609570957195739574957595779696						
91211	291110	FOSSENHOF	Fossenhof				9968						
90097	2913	WINSELER	Winseler	49.967778	5.890278				1039	30.43		Gemeinde	
90238	291301	DONCOLS	Doncols	49.97	5.837222		9647						
90519	291302	POMMERLOCH	Pommerloch	49.960278	5.860833		9638						
90574	291303	SCHLEIF	Schleif	49.990556	5.8575		9654						
90646	291304	BERLE	Berlé	49.952222	5.856111		9636						
90802	291305	GRUEMELSCHEID	Grümelscheid				9654						
90803	291306	GRUEMELSCHEID-MOULIN	Grümelscheid-Moulin										
90989	291307	NOERTRANGE	Noertrange	49.979722	5.910833		9676						
91078	291308	SONLEZ	Sonlez	49.965	5.826667		9647						
91131	291309	WINSELER	Winseler	49.967778	5.890278		9696		136				
90098	3	GREVENMACHER	Grevenmacher	49.666667	6.416667				52618	524.78		Distrikt	
90099	31	ECHTERNACH	Echternach	49.766667	6.366667				14300	185.54		Kanton	
90100	3101	BEAUFORT	Beaufort	49.835833	6.291667				1615	13.74		Gemeinde	
90161	310101	BEAUFORT	Beaufort	49.835833	6.291667		6310631163126313631463156380						
90181	310102	BERGERIE	Bergerie										
90404	310103	KREHWINKEL	Krehwinkel										
90476	310104	MUEHLENBACH	Mühlenbach	49.631667	6.119167								
90581	310105	SCHMITTENWEHR	Schmittenwehr										
90700	310106	CHÂTEAU	Château	49.933333	6.216667								
90740	310107	DILLINGEN	Dillingen	49.853611	6.319167		6350						
90804	310108	GRUNDHOF, ANC. FORGE	Grundhof, anc. forge				6360						
90808	310109	GRUNDHOF-DILLINGEN	Grundhof-Dillingen	49.835	6.331389		6360						
91027	310110	ROEDERHOF	Roederhof										
90806	310111	GRUNDHOF	Grundhof	49.835	6.331389		6360						
90101	3102	BECH	Bech	49.746111	6.363611				943	23.31		Gemeinde	
90162	310201	BECH	Bech	49.746111	6.363611		62306231						
90302	310202	GEYERSHOF	Geyershof	49.759167	6.387778		6251						
90328	310203	GRASSENBERG	Grassenberg										
90330	310204	GRAULINSTER	Graulinster	49.734722	6.287222		6240						
90393	310205	JACOBSBERG	Jacobsberg	49.748333	6.383056								
90405	310206	KREUZENHOECHT	Kreuzenhoecht										
90625	310207	WALDHOF	Waldhof	49.6525	6.190278		2712						
90683	310208	BLUMENTHAL	Blumenthal	49.738333	6.267222		7639						
90842	310209	HEMSTAL	Hemstal	49.734444	6.336111		6243						
90849	310210	HERSBERG	Hersberg	49.750278	6.328611		6225						
90896	310211	KINSICKERHOF	Kinsickerhof										
90901	310212	KOBENBOUR	Kobenbour	49.750278	6.306111		6225						
91020	310214	RIPPIG	Rippig	49.734167	6.319444		6246						
91138	310215	ZITTIG	Zittig	49.738889	6.345		6255						
91139	310216	ZITTIG-MOULIN	Zittig-Moulin										
91197	310217	ALTRIER	Altrier				6225						
91198	310218	BROSIUSHOF	Brosiushof										
90102	3103	BERDORF	Berdorf	49.813611	6.350278				1345	21.93		Gemeinde	
90177	310301	BERDORF	Berdorf	49.813611	6.350278		65506551655265536562						
90242	310302	DOSTERTHOF	Dosterthof										
90380	310303	HUNGERSHOF	Hungershof										
90422	310304	LANGENT	Langent										
90427	310305	LAUFENWEHR	Laufenwehr										
90520	310306	POSSELT	Posselt										
90577	310307	SCHLEITERHOF	Schleiterhof	49.798056	6.367778								
90645	310308	WEILERBACH	Weilerbach	49.833333	6.382778		6590						
90667	310309	BIRKELT	Birkelt										
90693	310310	BOLLENDORF-PONT	Bollendorf-Pont				6555						
90814	310312	HALSBACH	Halsbach										
90817	310313	HAMMHOF	Hammhof										
90834	310314	HEISBICH	Heisbich	49.803611	6.350278								
90868	310315	KALKESBACH	Kalkesbach				6214						
91064	310316	SEITERT	Seitert	49.534167	6.213889								
90103	3104	CONSDORF	Consdorf	49.773056	6.338333				1748	25.72		Gemeinde	
90211	310401	BREIDWEILER	Breidweiler	49.770833	6.304167		62386239						
90301	310402	GEMENERHOF	Gemenerhof										
90411	310403	KRIESPELT	Kriespelt										
90456	310404	MICHELSHOF	Michelshof	49.768611	6.383611		6251						
90499	310405	OSTERHOLZ	Osterholz										
90553	310406	SCHEIDGEN	Scheidgen	49.775	6.360556		62506251						
90711	310407	COLBETTE	Colbette	49.761944	6.303333		6239						
90715	310408	CONSDORF	Consdorf	49.773056	6.338333		621062116212621362146250						
90716	310409	CONSDORF-MOULIN	Consdorf-Moulin										
90722	310410	CRISPENT	Crispent										
90856	310411	JUCKENFELD	Juckenfeld										
90942	310412	MARSCHERWALD	Marscherwald	49.745	6.285278		6239						
90959	310414	MELICKSHECK	Melicksheck										
90968	310415	NEURODESCHHOF	Neurodeschhof	49.771667	6.370278								
91044	310416	ROSSWINKLERHOF	Rosswinklerhof										
91094	310417	STOPPELHOF	Stoppelhof	49.754722	5.864444								
91103	310418	THEINSHOF	Theinshof										
91133	310419	WOLPERHOF	Wolperhof										
91134	310420	WOLPER	Wolper	49.757778	6.353333		6252						
91199	310421	ALTRODESCHHOF	Altrodeschhof										
90104	3105	ECHTERNACH	Echternach	49.75	6.416667				4555	20.49		Gemeinde	
90171	310501	BEL AIR	Bel Air										
90251	310502	ECHTERNACH	Echternach	49.805556	6.422222		64086409641064116412641364146415641664176418641964206421642264236430643164326433643464356436643764386439644064416442644564466447644864496450645164526453645464556460646164626463646464656466646764686469647064716472647364746475647664776478647964806481648264836484648564866487648864906491649264936494649564966497649965626572						
90430	310503	LAUTERBORN	Lauterborn	49.79	6.388333		6562						
90431	310504	LAUTERBORN-MOULIN	Lauterborn-Moulin										
90443	310505	MELICKSHOF	Melickshof										
90492	310506	NEUMUEHLE	Neumühle	49.7	5.9								
90630	310507	WANN	Wann										
90757	310508	FELSBUCH	Felsbuch										
90758	310509	FELSMUEHLE	Felsmühle	49.810278	6.405556								
90877	310510	KEFFERBOUR	Kefferbour										
90927	310511	LUTSCHEN	Lutschen										
90935	310512	MANERTCHEN	Manertchen	49.791667	6.4625								
90958	310513	MELICKSBERG	Melicksberg										
90992	310514	NONNENMUEHLE	Nonnenmühle										
91005	310515	OLIGSMUEHLE	Oligsmühle										
91023	310516	RODENHOF	Rodenhof	49.531111	5.847222								
91079	310517	SPECKSMUEHLE	Specksmühle										
91104	310518	THOUL	Thoul										
90105	3106	MOMPACH	Mompach	49.746111	6.465				995	27.58		Gemeinde	
90189	310601	BORN	Born	49.754167	6.513889		66606661						
90190	310602	BORN-MOULIN	Born-Moulin										
90202	310603	BOURSDORF	Boursdorf	49.758056	6.478611		6663						
90309	310604	GIVENICH	Givenich	49.742222	6.48		6666						
90460	310605	MOERSDORF	Moersdorf	49.738333	6.5		669066916692						
90463	310606	MOMPACH	Mompach	49.746111	6.465		6695		122				
90843	310607	HERBORN	Herborn	49.741667	6.427778		6665						
90913	310608	LILIEN	Lilien				6231						
90106	3107	ROSPORT	Rosport	49.797778	6.504167				1851	29.49		Gemeinde	
90134	310701	AESBARRIERE	Aesbarrière										
90291	310702	FROMBURG	Fromburg	49.773611	6.408611								
90304	310703	GIESENBORN	Giesenborn										
90307	310704	GIRST	Girst	49.767222	6.498889		6559						
90308	310705	GIRSTERKLAUSE	Girsterklause	49.777778	6.499444		6558						
90343	310706	HINKEL	Hinkel	49.776389	6.515278		6560						
90344	310707	HINKEL-MOULIN	Hinkel-Moulin										
90455	310708	MICHELSBERG	Michelsberg	49.818611	6.020278								
90501	310709	OSWEILER	Osweiler	49.778889	6.441389		657065716572						
90502	310710	PAFFENBERG	Paffenberg										
90511	310711	PFAFFENBERG	Pfaffenberg										
90569	310712	SCHILTZHAUS	Schiltzhaus										
90743	310713	DICKWEILER	Dickweiler	49.7775	6.472222		6557						
91041	310714	ROSPORT	Rosport	49.797778	6.504167		655865796580658165826583		688				
91088	310715	STEINHEIM	Steinheim	49.811389	6.478333		658565866587						
90107	3108	WALDBILLIG	Waldbillig	49.788889	6.286667				1429	23.28		Gemeinde	
90470	310801	MULLERTHAL	Mullerthal				6245						
90623	310803	WALDBILLIG	Waldbillig	49.788889	6.286667		76807681		432				
90701	310804	CHRISTNACH	Christnach	49.781111	6.273611		76407641						
90793	310805	FRECKEISEN	Freckeisen				7649						
90807	310806	GRUNDHOF-CHÂTEAU	Grundhof-Château				6360						
90813	310807	HALLER	Haller	49.8125	6.2825		63707634						
90820	310808	HARTHOF	Harthof	49.81	6.316944								
90884	310809	KELLESCHHOF	Kelleschhof	49.798889	6.267778								
90981	310810	NIESENTHAL	Niesenthal										
91007	310811	OLIGSMUEHLE	Oligsmühle										
90108	32	GREVENMACHER	Grevenmacher	49.666667	6.333333				21972	211.37		Kanton	
90109	3201	BETZDORF	Betzdorf	49.683333	6.35				2449	26.08		Gemeinde	
90150	320101	BANZELT	Banzelt	49.668333	6.330278								
90180	320102	BERG	Berg	49.677778	6.359444		6922						
90444	320103	MENSDORF	Mensdorf	49.650833	6.303611		69186930693169336934						
90495	320104	OLINGEN	Olingen	49.676111	6.315556		69506951						
90654	320105	BETZDORF	Betzdorf	49.683333	6.35		6832						
90655	320106	BETZDORF-MOULIN	Betzdorf-Moulin										
90822	320107	HAUPESCHHOF	Haupeschhof										
90933	320108	MAISON FORESTIERE	Maison forestière										
91038	320109	ROODT-SUR-SYRE	Roodt-sur-Syre	49.6625	6.302778		6910691169126913691469156916691769196921						
90110	3202	BIWER	Biwer	49.702778	6.374722				1500	23.08		Gemeinde	
90191	320201	BOUDLER	Boudler	49.717778	6.355		6835						
90192	320202	BOUDLERBACH	Boudlerbach	49.717778	6.355		6835						
90212	320203	BREINERT	Breinert	49.706667	6.340556		6836						
90213	320204	BREINERTKNUPP	Breinertknupp										
90216	320205	BROUCH	Brouch	49.736111	6.023056		6837						
90637	320206	WECKER	Wecker	49.691389	6.388333		68526868686968706871						
90638	320207	WECKER-GARE	Wecker-Gare										
90678	320208	BIWER	Biwer	49.702778	6.374722		68336834						
90811	320209	HAGELSDORF	Hagelsdorf	49.687778	6.365556		6838						
91121	320210	WEYDIG	Weydig	49.711389	6.330278		6880						
90111	3203	FLAXWEILER	Flaxweiler	49.661667	6.343611				1618	30.17		Gemeinde	
90182	320301	BERGHOF	Berghof										
90221	320302	BUCHHOLTZ	Buchholtz	49.658333	6.364722								
90323	320303	GOSTINGEN	Gostingen	49.619167	6.354444		54245425						
90657	320304	BEYREN	Beyren	49.626389	6.336944		5410						
90778	320305	FLAXWEILER	Flaxweiler	49.661667	6.343611		69256926		439				
90972	320306	NIEDERDONVEN	Niederdonven	49.631389	6.403611		54335434						
90995	320307	OBERDONVEN	Oberdonven	49.646667	6.400556		5435						
90112	3204	GREVENMACHER	Grevenmacher	49.666667	6.416667				4100	16.48		Gemeinde	
90338	320401	GREVENMACHER	Grevenmacher	49.674722	6.441944		67116712671367146715671667176718671967206721672267236724672567266730673167326733673467356736673767386739674067416742674367446745675067516752675367546755675667576758675967606761676267636764676567706771677267736774677567766777677867796780678167826783678467856786679067916792679367946795679668156850		4100	16.48			
90521	320402	POTASCHBERG	Potaschberg	49.673333	6.400833								
90798	320403	GREVENMACHERBERG	Grevenmacherberg	49.673333	6.400833								
90937	320404	MANTERNACHERBERG	Manternacherberg										
90113	3205	JUNGLINSTER	Junglinster	49.707222	6.253056				5918	55.38		Gemeinde	
90167	320501	BEHLEN	Behlen	49.726944	6.254167								
90168	320502	BEIDWEILER	Beidweiler	49.723333	6.3025		6235						
90198	320503	BOURGLINSTER	Bourglinster	49.697778	6.219722		6160616161626163						
90260	320504	EISENBORN	Eisenborn	49.686667	6.185278		6196						
90311	320505	GODBRANGE	Godbrange	49.728889	6.231944		61706171						
90321	320506	GONDERANGE	Gonderange	49.688889	6.248333		61806181618261836184618561866187618861896190						
90388	320508	IMBRINGEN	Imbringen	49.6975	6.1975		6195						
90494	320509	NEUMUEHLE	Neumühle	49.7	5.9								
90749	320510	ESCHWEILER	Eschweiler	49.711389	6.310556		6169						
90853	320511	JEANHARIS	Jeanharis	49.736667	6.264444								
90857	320512	JUNGLINSTER	Junglinster	49.707222	6.253056		61116112611361146115611661176118611961206121613061316132613361346135613661376139614061416142614361446145614661476148		2333				
91022	320513	RODENBOURG	Rodenbourg	49.6825	6.289167		6955		736				
91200	320514	ALTLINSTER	Altlinster				6150						
90114	3206	MANTERNACH	Manternach	49.702778	6.426389				1451	27.61		Gemeinde	
90174	320601	BERBOURG	Berbourg	49.727222	6.393889		68306831						
90175	320602	BERBURGERWALD	Berburgerwald										
90441	320603	LELLIG	Lellig	49.716111	6.436389		6839						
90472	320604	MUNSCHECKER	Munschecker				6858						
90503	320605	PAPETERIE	Papeterie										
90586	320606	SCHORENSHOF	Schorenshof	49.686667	6.406389								
90936	320607	MANTERNACH	Manternach	49.702778	6.426389		68506851						
90130	3207	MERTERT	Mertert	49.696111	6.481389				3500	15.25		Gemeinde	
90450	320701	MERTERT	Mertert	49.696111	6.481389		6670667166726673667466756676667766806681668266836684668566866687668866896693		1100				
90548	320702	SCHAEFERREDER	Schaeferreder										
90551	320703	SCHEIDBERG	Scheidberg										
90632	320704	WASSERBILLIG	Wasserbillig	49.71	6.500278		6610661166126613661466156616661766186619662066216622662366306631663266336634663566366637663866456646664766486649665066516695						
90633	320705	WASSERBILLIG-BARRIERE	Wasserbillig-Barrière										
90755	320706	FAUSERMUEHLE	Fausermühle										
90759	320707	FELSMUEHLE	Felsmühle	49.810278	6.405556								
91132	320708	WOLFSMUEHLE	Wolfsmühle	49.716389	6.49								
90115	3209	WORMELDANGE	Wormeldange	49.608333	6.405833				2306	17.25		Gemeinde	
90135	320901	AHN	Ahn	49.624444	6.421667		5401						
90244	320902	DREIBORN	Dreiborn	49.617222	6.393889		5499						
90254	320903	EHNEN	Ehnen	49.599722	6.387778		541654175418541954885489						
90733	320904	DEYSERMUEHLE	Deysermühle										
90873	320905	KAPENACKER	Kapenacker	49.634444	6.355833		5432						
90929	320906	MACHTUM	Machtum	49.655556	6.434444		68406841						
91136	320907	WORMELDANGE	Wormeldange	49.608333	6.405833		548054815482548354885489						
91137	320908	WORMELDANGE-HAUT	Wormeldange-Haut				5485						
90116	33	REMICH	Remich	49.533333	6.333333				16346	127.87		Kanton	
90118	3300	BOUS	Bous	49.553889	6.329167				1124	15.43		Gemeinde	
90143	330001	ASSEL	Assel	49.552778	6.315833		5402						
90203	330002	BOUS	Bous	49.553889	6.329167		54075408						
90269	330003	EMERINGERHOF	Emeringerhof										
90278	330004	ERPELDANGE	Erpeldange	49.544444	6.3275		54215422						
90560	330005	SCHEUERBERG	Scheuerberg										
90835	330006	HEISBOURGERHOF	Heisbourgerhof										
90845	330007	HERDERMUEHLE	Herdermühle	49.553333	6.340278								
91032	330008	ROLLING	Rolling	49.548889	6.317222		5443						
90119	3301	BURMERANGE	Burmerange	49.485278	6.323056				941	13.37		Gemeinde	
90225	330101	BURMERANGE	Burmerange	49.485278	6.323056		5675						
90267	330102	ELVANGE	Elvange	49.724722	5.917778		56925693						
90268	330103	EMERANGE	Emerange	49.486944	6.291667		5695						
90290	330104	FROHMUEHLE	Frohmühle										
90641	330105	WEIDENMUEHLE	Weidenmühle										
90120	3302	DALHEIM	Dalheim	49.540833	6.259722				1734	18.98		Gemeinde	
90222	330201	BUCHHOLZERHOF	Buchholzerhof										
90382	330202	HUNNENBUSCH	Hunnenbusch										
90538	330203	RECKINGERHOF	Reckingerhof	49.533333	6.316667								
90728	330204	DALHEIM	Dalheim	49.540833	6.259722		56805681568256835684568556865687						
90767	330205	FILSDORF	Filsdorf	49.5325	6.248333		57405741						
90830	330206	HEIDSCHEUER	Heidscheuer	49.549444	6.260278								
90910	330207	LEYMUEHLE	Leymühle										
91116	330208	WELFRANGE	Welfrange	49.538056	6.284167		5698						
90121	3303	LENNINGEN	Lenningen	49.598611	6.368056				1329	20.35		Gemeinde	
90233	330301	CANACH	Canach	49.606944	6.325833		54115412541354145415						
90561	330302	SCHEUERHOF	Scheuerhof	49.59	6.316111								
90604	330303	UNTERE MUEHLE	Untere Mühle										
90656	330304	BEYERHOLZ	Beyerholz	49.6125	6.305								
90810	330305	HACKENHOF	Hackenhof	49.601111	6.280556								
90905	330306	LENNINGEN	Lenningen	49.598611	6.368056		54305431		333				
90117	3304	MONDORF-LES-BAINS	Mondorf-les-Bains	49.505	6.281111				3690	13.66		Gemeinde	
90262	330401	ELLANGE	Ellange	49.52	6.298333		56905691						
90263	330402	ELLANGE-GARE	Ellange-Gare										
90464	330403	MONDORF-LES-BAINS	Mondorf-les-Bains	49.505	6.281111		561056115612561356145615561656175618561956205626562756285629563056315632563356345635563656375638563956405650565156525653565456555656565756585659						
90697	330404	CASTELMUEHLE	Castelmühle										
90833	330405	HEINRICHSMUEHLE	Heinrichsmühle										
91201	330406	ALTWIES	Altwies				56705671						
91202	330407	MAISON BREHM	Maison Brehm										
90123	3305	SCHENGEN	Schengen	49.471667	6.365833				1405	10.63		Gemeinde	
91203	330501	SCHENGEN	Schengen	49.488611	6.351667		544454455446		532				
91204	330502	REMERSCHEN	Remerschen	49.488611	6.351667		5439544054415445		1399				
91205	330503	WINTRANGE	Wintrange	49.501389	6.352778		5495						
90122	3306	REMICH	Remich	49.533333	6.333333				2885	5.29		Gemeinde	
91009	330601	REMICH	Remich	49.545	6.366944		5511551255135514551555165517551855195520552155225530553155325533553455355536553755385539554055445548554955505551555255535554555555565557555855595560556155705571557255735574557555765577						
90124	3307	STADTBREDIMUS	Stadtbredimus	49.562778	6.364444				1421	10.17		Gemeinde	
90228	330701	BUECHERHOF	Bücherhof	49.586944	6.316944								
90333	330702	GREIVELDANGE	Greiveldange	49.583889	6.359167		54265427						
90387	330703	HUETTERMUEHLE	Hüttermühle	49.586111	6.373611		5429						
91083	330704	STADTBREDIMUS	Stadtbredimus	49.562778	6.364444		542954505451		777				
90125	3308	WALDBREDIMUS	Waldbredimus	49.555	6.2875				941	12.57		Gemeinde	
90281	330801	ERSANGE	Ersange	49.574444	6.275556		5423						
90320	330802	GONDELANGE	Gondelange										
90595	330803	TRINTANGE	Trintange	49.570833	6.280556		5460						
90624	330804	WALDBREDIMUS	Waldbredimus	49.555	6.2875		5465		417				
91029	330805	ROEDT	Roedt	49.567778	6.285		5442						
90126	3309	WELLENSTEIN	Wellenstein	49.523889	6.342222				1315	7.42		Gemeinde	
90897	330902	BECH-KLEINMACHER	Bech-Kleinmacher	49.5325	6.355278		5403540454055422						
91061	330903	SCHWEBSANGE	Schwebsange	49.511667	6.356944		5447						
91117	330904	WELLENSTEIN	Wellenstein	49.523889	6.342222		54705471		477				
152787													1	90029	0
